0 0.3385180322475607 0.3235293474446194 0.3588800191496696 0.3891401941291926 0.43396484585119627 0.319004461466373 0.4152996911909297 0.25641020543396414 0.36397051587519685 0.29638003157514087
0 0.46111416172067476 0.4027148520639318 0.4755372357763353 0.5490194986938997 0.5154127934596319 0.5392155790743657 0.5103222967341047 0.48340865200932637 0.4984444710412078 0.38989434179223365
0 0.5319569078175953 0.4283558726073282 0.5209274982456197 0.49245842396581924 0.6032238619749766 0.5361989884222014 0.6129806473655705 0.4615383697811354 0.5985575733099099 0.4509803024985604 0.5790440025287222 0.44419297353119075
0 0.554864143082468 0.5663648949438442 0.5417136932081892 0.6576167621718138 0.5361989884222014 0.7066363602694834 0.5790440025287222 0.723227608856387 0.5938912846448433 0.575414666900337 0.5561367672638496 0.5618400089655978
0 0.6624017950898665 0.6486356311271086 0.640614401731486 0.7920060736578778 0.678335858889279 0.809349272351116 0.6968714024926774 0.7197427457693854 0.7030499170271436 0.6665569364434548
0 0.621103303201593 0.5729036634999686 0.6383381069029984 0.6341829655494102 0.7124802813165918 0.5613415310378097 0.6926439978112007 0.4960154826266125 0.6666291997713433 0.5168273210584984
1 0.6584995753838878 0.3595823195731387 0.6702062345018237 0.35206693347273543 0.6880914081542255 0.365941492427326 0.7394706342829437 0.3884876507285357 0.7319913798464847 0.46017287199392026 0.6503699509964325 0.42779890109987556
1 0.6428906965599736 0.30581840362410023 0.6464677312904539 0.31738053608625905 0.6259810778340662 0.45323559251662493 0.5898855455537643 0.43762671369271056 0.6064699793041732 0.2878970983077541
0 0.6484188411434432 0.2416485684591189 0.6617514251388701 0.23182075586628392 0.7225610155570366 0.22314915651966485 0.732316564821983 0.2867408850615382 0.6565484655308985 0.3150681095938273
0 0.6298832975400449 0.08324735372754336 0.6159003435936216 0.10059055242078156 0.6019173896471982 0.14915150876184852 0.5817559211663088 0.20754027769575045 0.6139492337406323 0.250320167805738 0.6653284598693504 0.12718345708374681
1 0.5970396150147249 0.11099647163672448 0.5921618403822517 0.14915150876184852 0.5788292563868249 0.173431986932382 0.5726507418523588 0.17458820017859789 0.5693988920973766 0.16418228096265494 0.5645211174649033 0.15666689486225172 0.5560663081019498 0.15840121473157556 0.5544403832244587 0.16013553460089938 0.5502129785429819 0.1647603875857629 0.5071815049951603 0.14670744207814662 0.5147646937241996 0.08723145204646558
0 0.5384063997617929 0.17604893049377598 0.5731998539303264 0.21728561691574153 0.5232400223037142 0.33940964978079335 0.49232902859558203 0.29762470731902946 0.5204149127772093 0.2075540722093232 0.5270233561140627 0.19286864257187106
