0 0.37135416666666665 0.4722222222222222 0.359375 0.5231481481481481 0.35052083333333334 0.6148148148148148 0.38645833333333335 0.6342592592592593 0.40989583333333335 0.4935185185185185
0 0.39166666666666666 0.2796296296296296 0.3640625 0.33055555555555555 0.3932291666666667 0.3861111111111111 0.4244791666666667 0.42962962962962964 0.4473958333333333 0.3925925925925926 0.4515625 0.3768518518518518
1 0.43829731737551586 0.19573534045188637 0.44909671041181165 0.21118813048756158 0.4638471009004107 0.24724464057080378 0.49387468153791597 0.3095240670782222 0.4670078988622534 0.3610333671971397 0.46358370107025715 0.3549459044558131 0.4656908997114856 0.34932670807920385 0.46305690140995004 0.345112310796747 0.458315704467186 0.34839017534976896 0.44014111618659074 0.3142067307253965 0.44251171465797273 0.3053096697957653 0.4398777163564372 0.30343660433689557 0.4372437180549016 0.3062462025252002 0.4135377333410817 0.26457049606534877 0.41590833181246367 0.2589512996887396 0.41380113317123524 0.2542686360415653 0.41116713486969964 0.2542686360415653 0.4106403352093926 0.25848303332402217 0.405635738436475 0.25099077148854326
0 0.4828125 0.15092592592592594 0.47708333333333336 0.22314814814814815 0.559375 0.24444444444444444 0.5640625 0.17777777777777778 0.49322916666666666 0.14629629629629629
0 0.5083333333333333 0.38425925925925924 0.5005208333333333 0.45092592592592595 0.50625 0.4648148148148148 0.5848958333333333 0.47962962962962963 0.5895833333333333 0.4111111111111111 0.5364583333333334 0.387037037037037
0 0.51875 0.5083333333333333 0.5078125 0.5638888888888889 0.509375 0.5722222222222222 0.5776041666666667 0.6212962962962963 0.5875 0.6194444444444445 0.5984375 0.5509259259259259
0 0.6453125 0.4064814814814815 0.6333333333333333 0.46944444444444444 0.6536458333333334 0.487962962962963 0.6822916666666666 0.5018518518518519 0.6859375 0.5101851851851852 0.7109375 0.5203703703703704 0.7239583333333334 0.4583333333333333 0.7203125 0.44351851851851853 0.7036458333333333 0.43703703703703706 0.696875 0.42685185185185187
0 0.6651041666666667 0.5611111111111111 0.6526041666666667 0.6212962962962963 0.6552083333333333 0.6342592592592593 0.6703125 0.6407407407407407 0.6770833333333334 0.6518518518518519 0.6854166666666667 0.65 0.7317708333333334 0.6722222222222223 0.74375 0.6092592592592593
0 0.48125 0.6824074074074075 0.4791666666666667 0.6777777777777778 0.3963541666666667 0.6824074074074075 0.396875 0.7537037037037037 0.428125 0.7638888888888888 0.434375 0.7564814814814815 0.4796875 0.7481481481481481
0 0.6536458333333334 0.15648148148148147 0.6338541666666667 0.22407407407407406 0.6786458333333333 0.25925925925925924 0.6880208333333333 0.27314814814814814 0.7109375 0.2851851851851852 0.7255208333333333 0.22314814814814815 0.6864583333333333 0.18333333333333332 0.6817708333333333 0.17037037037037037
