0 0.3307291666666667 0.12314814814814815 0.3145833333333333 0.19814814814814816 0.33697916666666666 0.21944444444444444 0.3578125 0.225 0.3697916666666667 0.2388888888888889 0.3953125 0.25 0.40677083333333336 0.19722222222222222 0.40625 0.17777777777777778 0.36041666666666666 0.13796296296296295 0.353125 0.1398148148148148
0 0.5255208333333333 0.8064814814814815 0.5166666666666667 0.8 0.4973958333333333 0.8157407407407408 0.4739583333333333 0.8240740740740741 0.4427083333333333 0.8324074074074074 0.44166666666666665 0.8537037037037037 0.4505208333333333 0.9074074074074074 0.4817708333333333 0.9055555555555556 0.53125 0.8722222222222222
0 0.41770833333333335 0.737037037037037 0.3921875 0.7398148148148148 0.3890625 0.7481481481481481 0.3359375 0.774074074074074 0.3458333333333333 0.8453703703703703 0.3541666666666667 0.85 0.3770833333333333 0.8425925925925926 0.38385416666666666 0.8314814814814815 0.42604166666666665 0.8027777777777778
0 0.34322916666666664 0.5138888888888888 0.29791666666666666 0.5287037037037037 0.303125 0.6083333333333333 0.3145833333333333 0.674074074074074 0.3572916666666667 0.6611111111111111
0 0.3723958333333333 0.4351851851851852 0.365625 0.46296296296296297 0.3546875 0.5740740740740741 0.3640625 0.5851851851851851 0.396875 0.5935185185185186 0.40989583333333335 0.44722222222222224
1 0.3170586852481775 0.2577925307882448 0.3166667709277224 0.3114412466549877 0.3217616570936387 0.4096811029823999 0.36056117481869376 0.4096811029823999 0.36056117481869376 0.255702321079151 0.35389863137095706 0.25500558450945304 0.35272288840959176 0.26057947706703666 0.34762800224367546 0.2584892673579428 0.34762800224367546 0.2563990576488489
0 0.38721134860964074 0.33931070944290603 0.3821164624437244 0.40550068356421215 0.38838709157100604 0.4166484686793795 0.41660492264377336 0.4229190978066611 0.4667699556620264 0.4194354149581713 0.4714729275074877 0.35045849455807343
0 0.44834998260063663 0.44660814117639175 0.48989290056887747 0.4577559262915591 0.4895009862484223 0.49468296448555094 0.48048695687795495 0.5197654809946773 0.46990527022566725 0.5908326111038693 0.4314976668210672 0.5859554551159836
0 0.5200703032439203 0.38041816705508563 0.5004745872211652 0.4382473023400162 0.5455447340735019 0.5016503301825306 0.5690595933008081 0.5211589541340733 0.5937501954894794 0.4570591897218611
0 0.5008665015416203 0.13028973853351833 0.47931121391658965 0.19160255666693873 0.5545587634439693 0.2654566330549224 0.572978736505359 0.20344707835180406 0.5286924182939325 0.15188857219415508
0 0.41072620783694685 0.17975803498207343 0.44560658235745093 0.31701513921257135 0.48048695687795495 0.28635873014586116 0.4597154978938346 0.19508623951542853 0.44952572556200193 0.14770815277596733
0 0.564748535775802 0.629153122437257 0.5235975321280162 0.7573526512616815 0.561221306891706 0.7963698991647672 0.5706272505826284 0.7719841192253386 0.5784655369917305 0.7462048661465142 0.5984531673349406 0.6660801606312489
0 0.5971194964103144 0.740575309716283 0.5891497290044272 0.8086929798520707 0.6388075105334163 0.8375748719896446 0.6697669916101319 0.8452040510448529 0.6789628770784631 0.7743616741036337
0 0.7479320180909481 0.6708228154972365 0.6961285299526817 0.7825357945199283 0.7286206586074523 0.8277659274900913 0.7804241467457189 0.7046091798845872 0.7513038427626697 0.6664632846085462
1 0.6728322867662423 0.6321319788601091 0.6673147554852434 0.7062440039678461 0.6817216427189625 0.7182327139117447 0.712681123795678 0.7209574207171763 0.7448667229348377 0.6599239882755105 0.7555952559812243 0.6708228154972365 0.7562083150124462 0.6512049264981297
0 0.7641780824183334 0.28500433184813545 0.7372034850445616 0.34712764701197374 0.7163594779830106 0.405436372648208 0.7476254885753372 0.45175638834054355 0.7991224471979925 0.3285996407350395
1 0.7074701220302902 0.24195396432231767 0.6945958823746264 0.3040772794861559 0.7390426621382279 0.33513893706807507 0.740575309716283 0.3187906962354861 0.7457863114816708 0.3127963412635368 0.7488516066377813 0.3106165758191916 0.7623389053246672 0.2784650355150998 0.774293556433498 0.29481327634768884 0.7785849696520526 0.2719257391820642
1 0.6599580471105784 0.12969604393853962 0.6329834497368065 0.18310029732499714 0.6881587625467945 0.2632066774046834 0.6958220004370705 0.22506078212864233 0.7026894574307841 0.23203964898733667 0.7035773642508887 0.22746199604813075 0.7065962474392443 0.22809339645353846 0.7071289915313071 0.22035874148729387 0.705353177891098 0.21814884006836688 0.7092599678995583 0.19983822831154305 0.683359397102729 0.161747634718644 0.6725285082793566 0.14350896520648312 0.6740564034136528 0.13671832016516688 0.6628322301289853 0.12496685145495508
0 0.5990071357509177 0.24226702490653865 0.5787383557795044 0.3442338423513793 0.5722695962141596 0.3818005645678995 0.6141009080700552 0.4063339341786883 0.6365259412299168 0.2606670521146302
1 0.6831010101003986 0.3856339035695853 0.666713485868192 0.4439006563952085 0.7439073500146386 0.5075340838231918 0.7573572974027527 0.45227250559434556 0.7520534187201448 0.446745091794846 0.7480297866160973 0.45487364149999243 0.714560483205157 0.4093537631511726 0.7160236221520833 0.40155035543423206 0.6851148118982642 0.3833424040947041
