0 0.41109617495545636 0.44357594362506614 0.3995268642156218 0.5114492332987626 0.48012639570313626 0.5566980930812268 0.4909244190603152 0.4881392146229476 0.43731994596574814 0.45797330810130477
0 0.3563347707869059 0.2872617007401897 0.39297092146304885 0.26600844841812316 0.38024467964923075 0.16659807465361837 0.37060358736603527 0.12066362608657132 0.3274114939373194 0.14397364476238625
0 0.38063032334055863 0.28040581289436173 0.35055011541698866 0.3297682053843227 0.3594199203175285 0.35719175676763437 0.41341003710342333 0.4353488782100727 0.44271895764433766 0.38941442964302564 0.3856436913278202 0.28246257924811013
0 0.48182924982277153 0.2221747726803292 0.4538116346838804 0.264774655347649 0.5102155177924375 0.37094667061081515 0.5430256197314021 0.3204821942202979 0.5312287291466057 0.29295611618910666 0.49841862720764124 0.2444577882293888
0 0.49030826493059376 0.18743948373620695 0.46339660828402734 0.24773470228072106 0.39667044591377365 0.15139342917155177 0.4198955742525913 0.09830742153996867 0.467820442253326 0.15794725727421635
1 0.5202372805323698 0.2384779159244803 0.525224679254829 0.2653831166954473 0.5353714559660389 0.29962609949485985 0.545862191209832 0.32530833659441927 0.5436264607480401 0.3295887094443459 0.5561809471873337 0.3736154016150191 0.5941883650377977 0.34976761002257106 0.5613403251760843 0.2079038241392905
0 0.5831816919951294 0.17152065491491467 0.6220490061770518 0.14430971322609576 0.6323677621545534 0.18344455071113866 0.6296160938938863 0.1941454828359551 0.6354633889478039 0.20270622853580825 0.6511135021803478 0.28678498094508015 0.6131060843298838 0.3133844407981952
0 0.6188129533935988 0.3247279801913081 0.5724289493333 0.4525736416839491 0.6101833712428455 0.49284502505413097 0.6288807992361443 0.4500167284540963 0.6511738864589236 0.35860708048685797
1 0.5117168446001183 0.5151898113561789 0.5661928088594678 0.49772574995427454 0.5941005774349541 0.48978754022613613 0.598565820407032 0.5465457397823253 0.5588251579555393 0.5691696375075197 0.5416339725130398 0.5727418318851819 0.5438665939990787 0.5624221592386021 0.5420804968102476 0.5521024865920222 0.5367222052437541 0.543767366377477 0.5282382435968063 0.5405920824862216 0.5137262039375534 0.5584530543745329
1 0.4468305552991455 0.39201035694510367 0.4900129461813796 0.4731347224795765 0.5037945602927308 0.49981320510500715 0.508082173571818 0.49600199330137423 0.5059383669322745 0.49219078149774126 0.5010382374704606 0.4889240285231987 0.5010382374704606 0.4513563693159596 0.5025695279272775 0.4426450280505129 0.5096134640286347 0.4393782750759704 0.5160448839472653 0.44155611039233206 0.5212512715004425 0.45081191048686925 0.5221700457745326 0.46877905184685315 0.5374829503427008 0.4426450280505129 0.5034883022013675 0.3871102274832899 0.4927692690036498 0.4018106158687313 0.48205023580593215 0.38384347450874734 0.49368804327773996 0.3680541684651251 0.4777626225268451 0.3419201446687849
0 0.5542050407297021 0.5825846225255227 0.559024214996917 0.6461263276784289 0.6441629603843784 0.6139984992303302 0.6353278075611513 0.549742842334133 0.5879392606002057 0.5633079254566634 0.5662529763977392 0.5690195394029921 0.5542050407297021 0.5733032498627386
0 0.4268221837216414 0.6266254143596104 0.4195204045288917 0.6844496051385575 0.4138781206072215 0.7523045228893628 0.4527103099504812 0.7700058057808772 0.4712966569865714 0.6443266972511248
1 0.3960182577262351 0.5625080893105834 0.38419251222967604 0.6342958126501291 0.4159201220984931 0.6532682823898662 0.4254384050591382 0.607631801124012 0.42688056914408445 0.6019913371473335 0.4733182526793531 0.6235276541491972 0.4750488495812886 0.6240404236016225 0.47851004338515957 0.6040424149570348
1 0.5096607876199981 0.5922487175512523 0.5462917553776324 0.6650619797956487 0.5653283212989226 0.6942898385838924 0.5353313083320411 0.7465923227312756 0.49091265451569716 0.6589087463665447 0.49235481860064334 0.6425001238889343 0.48254810282300903 0.6389107377219571 0.47851004338515957 0.6307064264831518
1 0.5849417528541915 0.6742918299393046 0.5811921262333312 0.6789067550111325 0.582057424684299 0.6912132218693403 0.5754234698935463 0.693777069131467 0.5376387708679551 0.7917160345447044 0.5682126494688151 0.8368397463581332 0.6215727206118257 0.7199283112051587 0.5875376482070946 0.673266291034454
0 0.7087907996493874 0.510349547666439 0.7065214587753766 0.5285042746585258 0.7087907996493874 0.6522253771231171 0.7488824884235791 0.6616389392671621 0.7545558406086061 0.5110219449624422 0.7125730344394055 0.5056427665944165
0 0.6354154447230368 0.46126454505820447 0.6671862169591887 0.6004507853308696 0.7023610005063567 0.5695205097147219 0.6834498265562663 0.4740400936822655 0.6705902282702049 0.43167906403406303 0.638819456034053 0.456557763986182
0 0.6632925037476167 0.09084368631387299 0.6417505266621579 0.1549686413589598 0.7123881724540113 0.2279998401603087 0.730423316060442 0.16743738261772667 0.6858364332556551 0.11756241758265916 0.6738130041847014 0.10064055444576125
0 0.7394408878636575 0.21909359640404663 0.6637934799589065 0.2876716733272645 0.6848344808330756 0.3517966283723513 0.759479936315247 0.2787654295710024
0 0.7244746049970543 0.34065272204813546 0.6967896587348226 0.4844347151204005 0.7390947451580082 0.5076610370782279 0.750293150387675 0.4551253088402849 0.7602472883696011 0.3611140056776501
1 0.6139167307397837 0.6449444709841301 0.6290551441794262 0.6401386254477358 0.6341913915964477 0.6660901913442656 0.6455452016761795 0.6627260994687895 0.6485188186018235 0.6559979157178373 0.6439232288076463 0.6329298571431441 0.6474375033561348 0.6281240116067497 0.6796066319153748 0.7050175401890603 0.6450045440533351 0.7511536573384466 0.6309474458593815 0.7271244296564746 0.6241892255738268 0.7026146174208631 0.6139167307397837 0.6737795442024966 0.6179716629111165 0.6699348677733811
