0 0.31508757446329216 0.16220724554094834 0.3163041288048493 0.23429935467025872 0.3187372374879635 0.31215883252991394 0.3532062771654151 0.3099960692560347 0.35280075905156266 0.15860264008448283
0 0.39984086025843774 0.16004448226706905 0.3722656285164765 0.242950407765776 0.3633442300117243 0.2876475154259484 0.39862430591688064 0.3251354121731898 0.43471541804974156 0.1867185626449139
0 0.4403926716436748 0.12399842770241386 0.43714852673285587 0.1924859313752587 0.4914879539890735 0.2090671164750001 0.5202797400725918 0.20978803756629322 0.5247404393249679 0.1333704018892242
0 0.5312287291466059 0.15499803462801734 0.5328508016020154 0.22925290703120701 0.5312287291466059 0.30567054270827604 0.5738081311011048 0.3092751481647415 0.5750246854426619 0.15932356117577595
0 0.4886493271921069 0.24150856558318978 0.44485337089605087 0.2306947492137932 0.4387705991882653 0.3251354121731898 0.4359319723912987 0.3770417307462933 0.47323963886571685 0.3914601525721554
0 0.4334299801927723 0.3577700293328201 0.43795956296056054 0.4311108125932761 0.3540173133931198 0.451296603149483 0.348745577913039 0.3770417307462933
0 0.4528530265341344 0.43380334774211066 0.4096450313418867 0.4933836032208796 0.3863791877768303 0.5293287160303848 0.41407662059237366 0.5849697810642763 0.47833466472443426 0.4850128235255153
0 0.3874732974456181 0.5023964958776247 0.3815073390570713 0.5342149406165411 0.36015548798227226 0.6441839513808655 0.3196497705021387 0.6263209648607722 0.3457115887257905 0.4783931077412494
0 0.44776087695093303 0.5565436737666576 0.4333169776944513 0.6185059082582314 0.5133864192249478 0.6765606144485347 0.5278303184814296 0.607341541683173 0.49737253091884853 0.5827799352180447
0 0.44462089885169787 0.6592558462571942 0.4103951375700347 0.7044715308861804 0.42860701054559863 0.7491289971864138 0.46283277182726185 0.8216973799242929 0.49531841705556023 0.7824504028373155
0 0.3881012930654651 0.7653173287202484 0.36831943104028364 0.8256049082255633 0.44336490761200387 0.8998479459497012 0.4637747652570324 0.8378857114581275 0.4427369119921568 0.8105330133492346
0 0.395308933084627 0.9001600241130704 0.37903713680753576 0.8908010824635016 0.36659399847799545 0.8976075854813699 0.31251420496883947 0.8959059597269028 0.307249800290957 0.967374241414519 0.3957875153280709 0.9775839959413213
0 0.4718820920356443 0.8261393037937537 0.4608747004364356 0.8550669416196935 0.4388599172380181 0.9631201770283513 0.4718820920356443 0.9954510663632254 0.5120830004849284 0.8610226317603282
0 0.560898389316202 0.8457079999701248 0.570948616428523 0.9571644868877166 0.5757344388629615 0.9946002534859918 0.617849676286021 0.9767331830640877 0.60157788000893 0.8320949939343883
0 0.5570697313686511 0.710428752489994 0.5063400135636021 0.7699856538963409 0.4986826976685004 0.7793445955459097 0.48863247055617937 0.7989132917222809 0.51351874721526 0.8576193802513941 0.5819560080277317 0.7657315895101733
0 0.5098958333333333 0.47685185185185186 0.4921875 0.5305555555555556 0.4942708333333333 0.5416666666666666 0.5572916666666666 0.600925925925926 0.5682291666666667 0.6037037037037037 0.5854166666666667 0.5370370370370371 0.5671875 0.5212962962962963 0.5614583333333333 0.5064814814814815
0 0.5135416666666667 0.36203703703703705 0.496875 0.4185185185185185 0.5369791666666667 0.48055555555555557 0.5453125 0.4824074074074074 0.5598958333333334 0.5009259259259259 0.5682291666666667 0.4962962962962963 0.5875 0.43796296296296294 0.5203125 0.3611111111111111
0 0.5916666666666667 0.4888888888888889 0.5885416666666666 0.5592592592592592 0.6328125 0.5722222222222222 0.671875 0.5731481481481482 0.6776041666666667 0.5148148148148148 0.6729166666666667 0.5018518518518519 0.6 0.4842592592592593
0 0.61875 0.5851851851851851 0.6114583333333333 0.5796296296296296 0.5890625 0.600925925925926 0.5489583333333333 0.6648148148148149 0.5682291666666667 0.7194444444444444 0.5755208333333334 0.7212962962962963 0.6390625 0.6416666666666667 0.6401041666666667 0.6342592592592593
0 0.3287126429423893 0.6536992693706035 0.29985767784424355 0.7084630469742914 0.32208379960903144 0.7493625770833747 0.35990719980524943 0.8089788413101742 0.38837223294260936 0.7632268245779793
0 0.6703125 0.7972222222222223 0.6265625 0.8083333333333333 0.6385416666666667 0.9537037037037037 0.6776041666666667 0.9425925925925925 0.6755208333333333 0.8481481481481481
0 0.7197916666666667 0.8046296296296296 0.6895833333333333 0.8231481481481482 0.6833333333333333 0.8342592592592593 0.6880208333333333 0.8842592592592593 0.7125 0.9657407407407408 0.7463541666666667 0.9462962962962963
0 0.665625 0.649074074074074 0.6411458333333333 0.687962962962963 0.6401041666666667 0.6990740740740741 0.7010416666666667 0.8 0.728125 0.7444444444444445 0.7234375 0.7287037037037037
0 0.7286458333333333 0.5398148148148149 0.7078125 0.6796296296296296 0.7125 0.687962962962963 0.7479166666666667 0.700925925925926 0.7604166666666666 0.6527777777777778 0.765625 0.5592592592592592
0 0.7078125 0.387037037037037 0.7052083333333333 0.5333333333333333 0.7083333333333334 0.5388888888888889 0.7473958333333334 0.5351851851851852 0.7510416666666667 0.48148148148148145 0.7447916666666666 0.3907407407407407
0 0.7432291666666667 0.26481481481481484 0.7364583333333333 0.25833333333333336 0.728125 0.262037037037037 0.6661458333333333 0.32222222222222224 0.6822916666666666 0.3824074074074074 0.6901041666666666 0.3851851851851852 0.7567708333333333 0.3175925925925926 0.7578125 0.30833333333333335
0 0.709375 0.11481481481481481 0.671875 0.13425925925925927 0.6932291666666667 0.275 0.7286458333333333 0.25555555555555554 0.7166666666666667 0.13148148148148148
0 0.6432291666666666 0.13055555555555556 0.6010416666666667 0.15555555555555556 0.6223958333333334 0.2722222222222222 0.6302083333333334 0.2953703703703704 0.6661458333333333 0.26944444444444443 0.6557291666666667 0.17777777777777778
0 0.5973958333333333 0.3175925925925926 0.5802083333333333 0.37962962962962965 0.6572916666666667 0.44074074074074077 0.6723958333333333 0.38425925925925924 0.6708333333333333 0.36574074074074076
