0 0.3578125 0.7398148148148148 0.32864583333333336 0.7425925925925926 0.31614583333333335 0.7518518518518519 0.328125 0.8916666666666667 0.33177083333333335 0.8972222222222223 0.36875 0.8842592592592593 0.3645833333333333 0.8027777777777778 0.3671875 0.7842592592592592 0.3640625 0.7546296296296297
0 0.39166666666666666 0.8972222222222223 0.3098958333333333 0.9296296296296296 0.31354166666666666 0.9972222222222222 0.3770833333333333 0.987037037037037 0.39947916666666666 0.975925925925926 0.4005208333333333 0.9537037037037037
0 0.42239583333333336 0.8555555555555555 0.409375 0.9055555555555556 0.4109375 0.9203703703703704 0.47291666666666665 0.9629629629629629 0.4901041666666667 0.9666666666666667 0.5026041666666666 0.9064814814814814 0.4984375 0.8916666666666667
0 0.5854166666666667 0.8472222222222222 0.5796875 0.8453703703703703 0.5114583333333333 0.9203703703703704 0.5328125 0.9833333333333333 0.5598958333333334 0.9629629629629629 0.6010416666666667 0.9055555555555556
0 0.7489583333333333 0.787962962962963 0.7140625 0.7870370370370371 0.70625 0.7944444444444444 0.7036458333333333 0.8444444444444444 0.7078125 0.9259259259259259 0.7130208333333333 0.937037037037037 0.75 0.9351851851851852 0.7526041666666666 0.8287037037037037
0 0.6505208333333333 0.7333333333333333 0.6458333333333334 0.737037037037037 0.6364583333333333 0.7814814814814814 0.6265625 0.8712962962962963 0.6630208333333333 0.8962962962962963 0.6895833333333333 0.7555555555555555
0 0.6145833333333334 0.6814814814814815 0.6088541666666667 0.6851851851851852 0.5588541666666667 0.7870370370370371 0.5588541666666667 0.7944444444444444 0.5869791666666667 0.8425925925925926 0.6119791666666666 0.8083333333333333 0.6135416666666667 0.7953703703703704 0.6411458333333333 0.7333333333333333 0.6380208333333334 0.7194444444444444
0 0.4822916666666667 0.6370370370370371 0.4708333333333333 0.6370370370370371 0.44427083333333334 0.6574074074074074 0.4505208333333333 0.7305555555555555 0.4484375 0.75 0.4609375 0.8 0.5010416666666667 0.7824074074074074
0 0.4427083333333333 0.6685185185185185 0.43072916666666666 0.662962962962963 0.3572916666666667 0.7037037037037037 0.36770833333333336 0.7666666666666667 0.3770833333333333 0.7703703703703704 0.42291666666666666 0.7546296296296297 0.4473958333333333 0.7333333333333333
0 0.31145833333333334 0.5435185185185185 0.30572916666666666 0.5907407407407408 0.3078125 0.687962962962963 0.3494791666666667 0.6972222222222222 0.35572916666666665 0.5509259259259259
0 0.4036458333333333 0.48703703703703705 0.36875 0.5027777777777778 0.3724547516372363 0.5322356291445226 0.38177083333333334 0.6296296296296297 0.38378143377564017 0.6452478129844402 0.4125 0.637962962962963 0.42239583333333336 0.6287037037037037
0 0.4603972380694924 0.4787037037037037 0.42604166666666665 0.5037037037037037 0.421875 0.5157407407407407 0.43020833333333336 0.5583333333333333 0.4510416666666667 0.6231481481481481 0.4587664894551777 0.6454310358053167 0.49504000259115055 0.6173069771028239 0.4889212698841794 0.6044392193031172 0.4646027619305077 0.49722222222222223
0 0.5541666666666667 0.6185185185185185 0.5375 0.6435185185185185 0.5005208333333333 0.725 0.5010416666666667 0.7342592592592593 0.528125 0.774074074074074 0.584375 0.6648148148148149
0 0.6614583333333334 0.5481481481481482 0.6291666666666667 0.5574074074074075 0.621875 0.5675925925925925 0.6265625 0.6583333333333333 0.6348958333333333 0.7055555555555556 0.6755208333333333 0.6916666666666667
0 0.6890625 0.5990740740740741 0.6901041666666666 0.6574074074074074 0.6932291666666667 0.662962962962963 0.746875 0.6703703703703704 0.7734375 0.6620370370370371 0.7729166666666667 0.5935185185185186 0.6927083333333334 0.5925925925925926
0 0.7369791666666666 0.3907407407407407 0.7005208333333334 0.4101851851851852 0.7052083333333333 0.487962962962963 0.7161458333333334 0.5518518518518518 0.75625 0.5314814814814814 0.7473958333333334 0.43703703703703706
0 0.671875 0.3574074074074074 0.6369791666666667 0.362962962962963 0.6291666666666667 0.3712962962962963 0.6296875 0.4203703703703704 0.6427083333333333 0.5148148148148148 0.6828125 0.5046296296296297
0 0.5260416666666666 0.3861111111111111 0.48125 0.5083333333333333 0.4822916666666667 0.5175925925925926 0.5098958333333333 0.5472222222222223 0.5140625 0.5462962962962963 0.5442708333333334 0.4777777777777778 0.5552083333333333 0.45185185185185184 0.5609375 0.4361111111111111 0.5552083333333333 0.4203703703703704
1 0.5916666666666667 0.412962962962963 0.5828125 0.425 0.5932291666666667 0.44814814814814813 0.5760416666666667 0.4425925925925926 0.5541666666666667 0.4759259259259259 0.5380208333333333 0.5231481481481481 0.5380208333333333 0.5314814814814814 0.5645833333333333 0.5712962962962963 0.621875 0.46296296296296297
1 0.5963541666666666 0.2777777777777778 0.5651041666666666 0.33055555555555555 0.5572916666666666 0.35648148148148145 0.5645833333333333 0.37037037037037035 0.5479166666666667 0.37037037037037035 0.5401041666666667 0.38425925925925924 0.5411458333333333 0.39444444444444443 0.5682291666666667 0.43425925925925923 0.6244791666666667 0.32407407407407407 0.6229166666666667 0.31296296296296294
0 0.7145833333333333 0.2212962962962963 0.6848958333333334 0.2212962962962963 0.678125 0.2324074074074074 0.6359375 0.2564814814814815 0.6416666666666667 0.32222222222222224 0.6666666666666666 0.31851851851851853 0.725 0.29259259259259257 0.7223958333333333 0.25462962962962965
0 0.75625 0.08333333333333333 0.7445969096911792 0.10856591214718546 0.7182291666666667 0.16296296296296298 0.7042320794580627 0.19444532231034098 0.7083333333333334 0.20555555555555555 0.734375 0.23703703703703705 0.7505208333333333 0.20462962962962963 0.7583333333333333 0.19907407407407407 0.7838541666666666 0.12777777777777777 0.7604161728670997 0.09166754453256319
0 0.6104166666666667 0.09166666666666666 0.5744791666666667 0.09074074074074075 0.56875 0.0962962962962963 0.5671875 0.18703703703703703 0.571875 0.24259259259259258 0.6098958333333333 0.2388888888888889 0.6140625 0.10648148148148148
0 0.5291666666666667 0.2111111111111111 0.5015625 0.3453703703703704 0.5375 0.37222222222222223 0.5666666666666667 0.23425925925925925 0.5625 0.225
0 0.5020833333333333 0.2611111111111111 0.4895833333333333 0.25277777777777777 0.42083333333333334 0.26296296296296295 0.41770833333333335 0.3287037037037037 0.43802083333333336 0.3351851851851852 0.5010416666666667 0.33240740740740743 0.5046875 0.31666666666666665
0 0.45416666666666666 0.11388888888888889 0.44114583333333335 0.17777777777777778 0.4432291666666667 0.18518518518518517 0.525 0.22037037037037038 0.5328125 0.15555555555555556 0.5015625 0.13425925925925927 0.4671875 0.11481481481481481
0 0.32816256858681186 0.3442679164758387 0.3055506601506181 0.40302022557500883 0.37860451817524404 0.4792951531774402 0.39715787894340304 0.4226043286080655 0.35309364711902547 0.36694424630358863
0 0.33229166666666665 0.2611111111111111 0.3296875 0.33796296296296297 0.41041666666666665 0.3509259259259259 0.4161458333333333 0.2851851851851852 0.3927083333333333 0.2712962962962963 0.38697916666666665 0.2759259259259259
0 0.403125 0.1388888888888889 0.3614583333333333 0.13425925925925927 0.31927083333333334 0.1398148148148148 0.3203125 0.21388888888888888 0.32760416666666664 0.21851851851851853 0.4005208333333333 0.21203703703703702 0.40572916666666664 0.20462962962962963
