1 0.34041820389028493 0.1321316566650471 0.34041820389028493 0.20816968550059306 0.4245586456345366 0.20256032271764293 0.4245586456345366 0.1794996090544036 0.4119375793728989 0.1807461341172814 0.4112364090250301 0.17264372120857568 0.4259609863302742 0.16454130829986996 0.4252598159824054 0.1296386065392915
0 0.42490923080847104 0.08538696680712948 0.43753029707010876 0.2262442989123212 0.4767958365507595 0.20941621056347084 0.472588814463547 0.11405704325331896 0.4666288665066625 0.06731235339540134
0 0.4112364090250301 0.25553763788994954 0.3793331581970013 0.3216034662224731 0.35829804776093843 0.3639853183603184 0.38739661719749213 0.4157161084697472 0.43998439328764943 0.29355665230772254
0 0.34918283323864446 0.3459107049485902 0.3498840035865133 0.4786656241450763 0.3190325082802877 0.4836517243965875 0.3211360193238939 0.49736350008824326 0.31131963445373123 0.49736350008824326 0.3085149530622562 0.40636717049816373 0.30571027167078113 0.3459107049485902
0 0.3256936265850409 0.49237739983673207 0.3270959672807784 0.5459779775404776 0.33480884110733483 0.6407138823191907 0.3747755509358544 0.6407138823191907 0.3684650178050355 0.4824051993337096
0 0.30886553823619056 0.6157833810616345 0.29659505714848716 0.757887238229704 0.32008426380209076 0.7803246893615045 0.331302989367991 0.6344812570048016
0 0.33235474488979416 0.6432069324449462 0.3274465524547128 0.7030401354630808 0.3842413506320827 0.7285938992520757 0.40878231280748945 0.7310869493778313 0.4168457718079802 0.6550489205422854 0.35479219602159456 0.6419604073820684
0 0.4180870747374632 0.7704335611713804 0.4128970282924464 0.8457853465953278 0.37541335952288074 0.8406593747977804 0.3324513083946863 0.8237436678658738 0.33648801118525484 0.7524926598799644
0 0.4313505267636172 0.597175714414277 0.4307738549363931 0.6884180124106213 0.4322155345044533 0.74121552192536 0.4400006041719785 0.7489044796216812 0.4789259525096044 0.7437785078241337 0.4705642110148551 0.5894867567179557
1 0.39703855304378405 0.8478357353143469 0.37541335952288074 0.9113977856039351 0.4079953177610417 0.9488173797260313 0.4382705886903063 0.8714152055830651 0.4544173998525807 0.8196428904278359 0.42616048031860043 0.7909374483615702 0.4206820979599716 0.8555246930106679
0 0.30246437337903376 0.859625470448706 0.3114027867010071 0.8929442871327643 0.3387946984941512 0.9959763202634679 0.37310667221398436 0.9688086697364663 0.34052471397582346 0.8283570424836666 0.3114027867010071 0.8509113183928753
0 0.48526934260906934 0.8263066537646476 0.4492273534075639 0.8509113183928753 0.476619265200708 0.9923881400051846 0.5158329494519459 0.9672708781972023
0 0.40879941632590067 0.3687579686151373 0.4229237791802013 0.4361961963385282 0.48547452896353255 0.39099823520476623 0.47135016610923197 0.3206902956633587 0.4273628646486957 0.34866998588902093
1 0.41800432883189487 0.23366733053442648 0.41162606114399675 0.2535108300078873 0.4442007854071907 0.2992723696099501 0.4826981868091472 0.2263778817482572 0.44442858068175856 0.24055180994358638 0.4362279507973181 0.22921266738732302
0 0.5018910603273466 0.20848903556513912 0.4826023954415916 0.2304352498351538 0.5323671508468396 0.3552543434958621 0.5547420021143155 0.323706660482716 0.5192508587245263 0.23935089938234724
1 0.4939809973036413 0.38577093375969856 0.5021276104525769 0.3765545633285795 0.5199020391411637 0.3734824398515398 0.5673005156440618 0.38752643288943556 0.5650787120579885 0.45686864851404574 0.4791689733964857 0.4454579041707554 0.48065017578720126 0.4037647998395025 0.4855875170895864 0.40025380158002855 0.4944747314338799 0.42526966417878037 0.4969434020850725 0.42175866591930644 0.4920060607826872 0.3905985563664752
1 0.4808970428523205 0.4849566345898372 0.4850937829593479 0.5911643319389238 0.4932403961082835 0.5898477075916211 0.4964496679548339 0.6104748223660305 0.4939809973036413 0.617057944102544 0.4850937829593479 0.6179356936674125 0.4855875170895864 0.6315408119228739 0.5228644439225948 0.6350518101823479 0.5223707097923563 0.5174333684899711 0.5194083050109252 0.48758988328444264
1 0.45244631375102823 0.48558235452540194 0.4445494068375092 0.5442155980140134 0.37579986429628526 0.5037504018035632 0.3753353403601959 0.4996213001494357 0.3883420105706977 0.49631801882613363 0.3888065345067871 0.4864081748562275 0.37115462493539175 0.4864081748562275 0.36697390951058756 0.47567251055549575 0.3744062924880172 0.42529747037513943 0.38555486695416163 0.43107821269091806 0.42364582971348846 0.4632852055931131
1 0.501518329196392 0.7532275594456598 0.5454927964745726 0.786111464429696 0.5542178891884972 0.88414272834437 0.5091964107846457 0.8934494939058898 0.5109414293274307 0.8909676897561513 0.5238545665440393 0.8760768648577196 0.5210625368755833 0.8717337075956771 0.5095454144932028 0.8766973158951543 0.5081493996589749 0.8307839391249906 0.5119884404531017 0.8239589777132094 0.5109414293274307 0.8183749183762977 0.5064043811161898 0.817754467338863
1 0.6009843861351336 0.8419520577988141 0.5650370041537639 0.8766973158951543 0.5776011376618154 0.9238515947401874 0.5999373750094626 0.9958239150826063 0.6111054936832864 0.9970648171574756 0.6369317681165035 0.9747285798098283
1 0.5060553774076328 0.6669848652422441 0.5004713180707211 0.7060732806006268 0.50291434403062 0.7333731262477512 0.4983772958193791 0.7383367345472284 0.4987262995279361 0.7464025980338788 0.5762051228275875 0.7786660519804803 0.587373241501411 0.7153800461621465
0 0.4969812809851512 0.13153561993614488 0.4844171474770996 0.19047846849243621 0.5674800301136628 0.2401145514872079 0.5779501413703725 0.1780694477437433
1 0.5217605442926974 0.07259277137985354 0.5598019485254091 0.0719723203424189 0.562942981902422 0.14766734690944566 0.5193175183327984 0.12657201163666773
1 0.530136633298065 0.22584417762621103 0.532230655549407 0.2680348481717669 0.5357206926349768 0.2779620647707213 0.6170385567287551 0.26927575024663625 0.6142465270602991 0.20040568509139053 0.5758561191190306 0.19730342990421731 0.5678290338222197 0.2444577087492504 0.560150952233966 0.24135545356207716 0.5535198817713832 0.2618303377974205 0.5514258595200413 0.2593485336476819 0.55437812731293 0.23403359230150036 0.5360696963435339 0.22336237347647245
0 0.6401086000266517 0.2653365519432804 0.6344092468822853 0.3267629136103405 0.6283536841663959 0.40908690347341076 0.667536737033915 0.4287180087484506 0.6807164911802623 0.276101996771528
1 0.5307522615691214 0.4730463109824115 0.5368078242850107 0.5471379018591748 0.6180236065922319 0.5300398424260755 0.6133928821624343 0.462914127614649 0.5631673325777052 0.46671369637755994 0.5563993507187701 0.4977435079413326 0.5531934645750641 0.4958437235598771 0.5546183028611557 0.4641806505356193
1 0.5429922807611997 0.6094685930245645 0.5582535709333067 0.6134006484634327 0.564446558249524 0.6275560480433581 0.5589171052886157 0.6519347917643405 0.564446558249524 0.6570464638348692 0.5635618457757787 0.6692358356953605 0.5668795175523237 0.6708086578709078 0.6228375815167162 0.5795849716891665 0.6164234160820625 0.5673955998286752 0.6162022379636263 0.5736868885308642 0.6031527289758825 0.5768325328819587 0.6007197696730828 0.5500945558976552 0.5971809197781014 0.546555706002674 0.5859008357378486 0.5567790501437312 0.5881126169222118 0.5776189439697323 0.5861220138562848 0.582730616040261 0.5708607236841777 0.5819442049524873 0.5719666142763594 0.5697548330919961
1 0.5928379839026694 0.6818114889188802 0.5905122169983827 0.7037253815281589 0.5942334440452414 0.7078600782468907 0.5856281064993808 0.7545821511685604 0.6058622785666746 0.7707074683716146 0.6267941807052547 0.7165429413562275 0.61190927251782 0.6983502757938075 0.6058622785666746 0.7008310938250466 0.5979546710921001 0.6892539430125975 0.5981872477825286 0.685946185637612
0 0.627763557658697 0.5932952874825531 0.6107211792892684 0.6504387896382742 0.686225387255091 0.7229228292854639 0.7021891340821507 0.6607936524450155 0.7015419551567293 0.649288249326414 0.6635741248653442 0.6151555534078961
0 0.633588167987489 0.7559049848921217 0.6288421892010658 0.8283890245393114 0.653003535750129 0.8402779410951997 0.7101710074956805 0.847948209840934 0.715564165207525 0.7769982239428912
1 0.6476020188853367 0.9086862836323288 0.6390423245269581 0.9739030025533094 0.6945580565084428 0.9986853557432819 0.723171891935023 0.9978157994910023 0.7309978982055406 0.9347729712007211 0.6571399640275302 0.9091210617584687
1 0.6864874875419714 0.8665128053967615 0.6605638417708817 0.9069471711277695 0.7116774452252002 0.9265121868040636 0.7324652743812626 0.8899908242083144 0.7295305220298186 0.884773486694636 0.7280631458540966 0.8808604835593771 0.7290413966379112 0.8708605866581601 0.7182806380159494 0.8482521240988868 0.7124111333130612 0.8530346834864255 0.6994493104275162 0.8491216803511666 0.6933352430286743 0.8586867991262438 0.7212153903673936 0.8725996991627196 0.7192588887997642 0.8904256023344543 0.7199925768876252 0.8969472742265524 0.7177915126240422 0.9065123930016294 0.7133893840968759 0.9134688430198675 0.7050742524344508 0.9169470680289864 0.6960254326841648 0.9117297305153079 0.6928461176367671 0.8973820523526922 0.6948026192043965 0.8804257054332373 0.6972482461639332 0.8730344772888594
1 0.7586232677111082 0.8402415595995497 0.7838460362027819 0.7857431333201044 0.7202070510853283 0.6926129111970016 0.6938201548171159 0.7519403119569041 0.6973125381467322 0.767806942392692 0.7019690492528874 0.7698765028843165 0.7066255603590424 0.7319345605378672 0.7190429233087896 0.735383828023908 0.7178787955322508 0.7726359168731491 0.7229233492305855 0.77608518435919 0.7217592214540467 0.7954010822810187
1 0.5975855919565763 0.46151198963226503 0.6034062308392703 0.4408163847160199 0.6162116363811969 0.43529755673835463 0.6181518493420949 0.42977872876068923 0.669761514101981 0.4642714036210977 0.6651050029958259 0.5001437854759224 0.6736419400237769 0.5153205624145022 0.6759701955768544 0.5167002694089184 0.6639408752192871 0.5367060208279554 0.6200920623029929 0.5077321739452123 0.6146594660124785 0.45875257564343236
0 0.687999515934422 0.3745904489840357 0.6794625789064709 0.4401265312188118 0.7473700325379 0.47530905957642844 0.7609515232641858 0.47530905957642844 0.7706525880686758 0.400115028380738
1 0.7062375177668628 0.48151774105130196 0.7085657733199404 0.5442944092972453 0.7473700325379 0.5415349953084126 0.7508624158675163 0.48013803405688554 0.7077896881355813 0.47806847356526105
0 0.68023866409083 0.5201495368949594 0.6755821529846748 0.5746479631744047 0.741549393655206 0.640873898906389 0.749310245498798 0.5767175236660292
0 0.7449420063537647 0.1148462513924976 0.6740654626372519 0.1778476235849534 0.6914154499011899 0.24216152436475205 0.7622919936177027 0.18441026652166753
1 0.7124695917094555 0.23866820783771867 0.7098183178566801 0.3286508355682769 0.708372168482439 0.37578459295095024 0.7160849651450583 0.38135494609617526 0.7209054630591953 0.3419339853761212 0.736331056384434 0.3483613159283039 0.7336797825316584 0.3843543670205272 0.7510335750225519 0.3907816975727099 0.7546489484581547 0.3856398331309637 0.7510335750225519 0.23781123043076097 0.7300644090960557 0.23866820783771867 0.7293413344089352 0.2558077559768726 0.7266900605561598 0.2532368237559995 0.7228336622248501 0.24038216265163406
