0 0.319018256850453 0.1888156103881469 0.3174505995686326 0.3420976557216979 0.36056117481869376 0.3434911288610938 0.3625207464209693 0.29332609584284075 0.3597773461777836 0.19160255666693873
0 0.3625207464209693 0.12471584597593466 0.3597773461777836 0.19508623951542853 0.44482275371654073 0.20484055149119995 0.44482275371654073 0.1295930019638204
0 0.46363464109838565 0.12192889969714284 0.44678232531881623 0.17836456184267752 0.522813703487106 0.24873495538217136 0.5388821906257651 0.17488087899418772 0.5016503301825305 0.14283099678808162
0 0.38760326293009584 0.23410348741851422 0.3660479753050652 0.3023836712489142 0.3770215762778081 0.323982504909551 0.4389440389097142 0.37345080135810604 0.46245889813702035 0.3149249295034775
1 0.47225675614839785 0.28635873014586116 0.44443083939608563 0.37693448420659587 0.46990527022566725 0.36508996252173054 0.4797031282370448 0.4068941567036081 0.48518992872341626 0.38947574246115907 0.48166269983932025 0.3441878654307918 0.5028260731438958 0.3420976557216979 0.5079209593098122 0.31562166607317543
1 0.38760326293009584 0.3365237631641142 0.33116760078456114 0.4507885605945795 0.3621288321005142 0.49259275477645703 0.3683994612277958 0.49259275477645703 0.3660479753050652 0.47865802338249785 0.3699671185096162 0.47099392111582034 0.3644803180232448 0.43127993664303665 0.4024960071073897 0.41177131269149375 0.40994237919603665 0.40480394699451416 0.40876663623467135 0.3957463715884407 0.4275785236165162 0.38877900589146114
1 0.43345723842334277 0.3866887961823673 0.4522691258051877 0.528126319831053 0.49577161537570397 0.5190687444249795 0.49224438649160807 0.4821417062309877 0.47813547095522435 0.4103778395520979 0.46951335590521215 0.36648343566112646
0 0.3672237182664305 0.4340668829218285 0.38877900589146114 0.5803815625583998 0.42601086633469587 0.5650533580250447 0.4060232359914856 0.4103778395520979
1 0.31000422747998563 0.5943162939523591 0.322937400055004 0.663989950922155 0.3629126607414244 0.6396041709827265 0.3789811478800836 0.6019803962190367 0.3758458333164428 0.6368172247039345 0.38995474885282644 0.628456385867559 0.38564369132782034 0.6200955470311835 0.39387389205737744 0.6019803962190367 0.4028879214278448 0.61103797162511 0.3977930352619285 0.5803815625583998 0.38564369132782034 0.5810782991280978 0.3813326338028142 0.5546023094795755
0 0.3621288321005142 0.64517806354031 0.34762800224367546 0.6981300428373549 0.4224836374505999 0.7719841192253386 0.4416874391528999 0.7023104622555426 0.3695752041891611 0.6507519560978937
0 0.33900588719366315 0.6995235159767509 0.31274762772317133 0.7434179198677223 0.3656560609846101 0.8569859807284896 0.3966172923005632 0.8082144208496325 0.34527651632094486 0.7064908816737305
1 0.4369844673074387 0.7308766616131591 0.41621300832331826 0.8374773567769468 0.43306532410288767 0.851412088170906 0.44482275371654073 0.8207556791041958 0.44247126779381013 0.8597729270072815 0.4546206117279183 0.8744043949709386 0.47460824207112845 0.7503852855647019
1 0.32450505733682444 0.8207556791041958 0.2982467978663326 0.9552258370559019 0.32568080029818974 0.9817018267044243 0.35350671705050196 0.8785848143891263 0.3480199165641305 0.868133765843657 0.3578177745755081 0.850715351601208 0.33547865830956725 0.8284197813708734
0 0.4005364355051142 0.8298132545102692 0.3813326338028142 0.8897325995042937 0.457364011971104 0.9705540415892568 0.47578398503249375 0.8953064920618774
1 0.361345003459604 0.8827652338073142 0.35311480273004686 0.9468649982195263 0.43737638162789383 0.9823985632741221 0.43972786755062443 0.9538323639165058 0.3785892335596285 0.8890358629345958
0 0.49146055785069787 0.8068209477102366 0.4785273852756795 0.8562892441587916 0.4812707855188652 0.8583794538678856 0.47539207071203865 0.884855443516408 0.503609901784806 0.9050608040376489 0.5494638772780529 0.9329302668255671 0.5667081073780775 0.8723141852618447
1 0.5008665015416203 0.7002202525464488 0.48636567168478156 0.7538689684131917 0.545936648393957 0.8096078939890283 0.5510315345598734 0.8235426253829875 0.5584779066485203 0.8235426253829875 0.572978736505359 0.7880090603283917 0.5592617352894305 0.7698939095162447 0.5557345064053346 0.7664102266677549 0.5439770767916816 0.7880090603283917 0.5400579335871305 0.783131904340506 0.5510315345598734 0.7538689684131917 0.5478962199962325 0.7420244467283263
1 0.45187721148473253 0.5539055729098774 0.40563132167103055 0.6549323755160815 0.4303219238597019 0.6772279457464162 0.43972786755062443 0.6535389023766855 0.44364701075517543 0.6577193217948732 0.44247126779381013 0.6744409994676244 0.48048695687795495 0.611734708194808 0.4867575860052366 0.5901358745341713
0 0.5522072775212387 0.5288230564007509 0.5428013338303163 0.543454524364408 0.507137130668902 0.6535389023766858 0.5404498479075855 0.6932528868494693 0.5886553093235631 0.5678403043038366
0 0.5279085896530223 0.46123960914004886 0.49420395809388357 0.47169065768551827 0.4989069299393448 0.5239459004128652 0.49342012945297337 0.528126319831053 0.5047856447461714 0.611734708194808 0.5412336765484957 0.5413643146553142
0 0.5365307047030345 0.2159883366063673 0.5428013338303163 0.3643932259520326 0.5800331942735508 0.3609095431035428 0.5694515076212632 0.21041444404878362
0 0.5573021636871549 0.425706044085453 0.5655323644167122 0.49607643762494685 0.6219680265622468 0.47378086739461217 0.6490101146736489 0.4626330822794448 0.6392122566622712 0.3866887961823673
1 0.6627271158895774 0.3852953230429713 0.6607675442873019 0.5260361101219592 0.7011347192941774 0.5350936855280325 0.707405348421459 0.3859920596126693 0.6807551746305122 0.3825083767641795 0.6686058306964039 0.4034104738551183
1 0.5396660192666755 0.7002202525464488 0.5431932481507713 0.696039833128261 0.5604374782507958 0.7134582473707101 0.5682757646598978 0.6904659405706774 0.5553425920848796 0.6688671069100407 0.5620051355326161 0.6493584829584977 0.576505965389455 0.6709573166191346 0.5866957377212876 0.6507519560978937 0.5698434219417182 0.6249727030190693 0.5816008515553713 0.5998901865099427 0.5964935957326652 0.6138249179039019 0.6047237964622223 0.5964065036614529 0.6168731403963306 0.6166118641826938 0.5573021636871549 0.7273929787646692
0 0.6051157107826773 0.5810782991280978 0.6494020289941039 0.714851720510106 0.6862419751168836 0.6737442628979263 0.638036513700906 0.543454524364408
1 0.6948640901668958 0.5720207237220244 0.6929045185646203 0.6403009075524244 0.7011347192941774 0.6354237515645387 0.7023104622555427 0.6403009075524244 0.691728775603255 0.6584160583645713 0.6948640901668958 0.7176386667888978 0.7399342370192324 0.7232125593464815 0.7332716935714958 0.5713239871523265
1 0.6133459115122346 0.6584160583645713 0.603548053500857 0.680014892025208 0.611386339909959 0.7002202525464488 0.6086429396667733 0.7050974085343346 0.5984531673349406 0.6897692040009794 0.591790623887204 0.7057941451040325 0.6141297401531447 0.7413277101586284 0.6548888294804753 0.8040340014314448 0.6807551746305122 0.748991812425306 0.6537130865191101 0.714851720510106 0.6478343717122835 0.7176386667888978 0.6392122566622712 0.6911626771403754
0 0.5835407029369778 0.6982713173327085 0.5574578143745013 0.7473685193326646 0.6106464498744536 0.8482905456659077 0.639286484374428 0.7991933436659515
1 0.5932578574994692 0.8664746945547803 0.566663539749493 0.9755795878880159 0.5947921450619678 0.9964913591102196 0.6106464498744536 0.997400566554663 0.6208750336244445 0.9473941571102634 0.6331493341244335 0.8655654871103367 0.6142264541869503 0.8482905456659077 0.610135020686954 0.8528365828881258 0.6055321579994583 0.8455629233325768
0 0.6715065231868992 0.837380056332584 0.6689493772494014 0.9573954389991434 0.6709950939993996 0.985580869776896 0.7139551457493611 0.9810348325546777 0.7124208581868625 0.8328340191103659 0.6761093858743951 0.8310156042214786
1 0.706283707936868 0.7310027853326793 0.7083294246868662 0.8273787744437041 0.7149780041243602 0.8346524339992532 0.7323665964993447 0.8337432265548095 0.7349237424368424 0.8601102424436748 0.7154894333118598 0.8619286573325622 0.7144665749368607 0.8746575615547729 0.7507780472493283 0.8764759764436603 0.7497551888743292 0.7255475406660175 0.7134437165618617 0.7264567481104611
1 0.7364580299993411 0.8992061625547509 0.7339008840618433 0.9146626891102927 0.7154894333118598 0.9182995188880673 0.7144665749368607 0.948303364554707 0.7379923175618397 0.9528494017769253 0.735435171624342 0.9728519655546851 0.7507780472493283 0.9737611729991287 0.7548694807493246 0.8992061625547509
1 0.7573455511356856 0.5246215757571061 0.7911590511356554 0.5574104242419252 0.760035261362956 0.6749037979791938 0.743128511362971 0.6605586767670854 0.7465867102266043 0.6475797575751778 0.7619564829538633 0.6448473535347763 0.7592667727265929 0.6168402121206599 0.7419757784084265 0.6209388181812623 0.7404388011357008 0.5983964848479492 0.75849828409023 0.5901992727267444 0.7596510170447744 0.56560763636313 0.743896999999334 0.56560763636313
0 0.6163143571116075 0.25724425340310575 0.6002365912739135 0.3151425326590755 0.6736171635587738 0.38916438335341647 0.6934051830513204 0.32247142876742607
1 0.6979399375183623 0.24331935079723968 0.707421696858541 0.3701092534717049 0.7556549943716232 0.3642461365850244 0.7391649781278343 0.21473665597467237 0.7119564513255828 0.22206555208302295 0.7222627114779508 0.24918246768392013 0.718964708229193 0.2506482469055903 0.705772695234162 0.2279286689697034
1 0.6666089066551636 0.2242642209155281 0.6843356741172365 0.25871003262477593 0.7391649781278343 0.16416727282705326 0.7098951992951092 0.10773477279275372 0.6880459277720891 0.13705035722615605 0.6826866724928577 0.21327087675300224
0 0.6422861326955751 0.09307698057605251 0.6344533749797754 0.20520909103381657 0.6703191603100161 0.1868868507629401 0.6752661651831527 0.07695340913768121
1 0.5590115506644414 0.12678990267446524 0.5961140872129662 0.098940097462733 0.6241471148274073 0.23745623391055917 0.6215540050153501 0.24656345903849491 0.5892080646570074 0.2643524334322118 0.5873464278018509 0.2672483129846773 0.5829250402708545 0.20726223654074824 0.5750130836364397 0.20808963069859554
1 0.7279097751465675 0.4057129966547595 0.7682118448982287 0.4101085870843886 0.7664810811665622 0.5046137813214128 0.7452174124632318 0.5599982207347385 0.7395306173448992 0.5560421893480724 0.7553547428915637 0.4848336243880821 0.7432393967698988 0.4734050892710466 0.7338438222265666 0.471646853099195 0.7284042790699007 0.4799984749154901 0.726179011414901 0.485273183431045 0.7251900035682345 0.4870314196028966
