0 0.3005471082001111 0.848203645058214 0.30437167373394075 0.9184623304204174 0.3904243982451073 0.9116631028047203 0.38691854650576346 0.8300723714163549
1 0.3317810600597197 0.9190289327217255 0.33241848764869136 0.9700231398394539 0.41847121215985783 0.9688899352368375 0.41815249836537205 0.8991978521759422 0.41337179144808495 0.8872992038484723 0.4009419534631387 0.8872992038484723 0.39998581207968126 0.8952316360667856 0.3920179672175363 0.8974980452720179 0.39233668101202207 0.9150627166125688
0 0.41464664662602824 0.805141870158799 0.41241565006462755 0.8771003624249267 0.4991058021647657 0.8816331808353914 0.4991058021647657 0.811374495473188 0.445561884691151 0.8017422563509504
0 0.382775267177448 0.6538590557095384 0.3818191257939906 0.7649131067659244 0.382775267177448 0.8023088586522584 0.42643905702200285 0.8040086655561828 0.4222957776936874 0.6464932257925331
1 0.32859392211486166 0.6827557730762511 0.32317578760860305 0.8300723714163549 0.3349681980045778 0.8334719852242036 0.33464948421009194 0.7983426425431018 0.33847404974392153 0.7977760402417937 0.34261732907223696 0.8295057691150469 0.36397115330278573 0.8295057691150469 0.3700267153980159 0.731483570988747 0.36938928780904434 0.6787895569670944
0 0.41050336729771275 0.46121427326478703 0.4538484433477818 0.5864333818538754 0.487313391768791 0.5450714138583846 0.4401437501848923 0.4215521121732206
1 0.3317810600597197 0.2850009575579704 0.33369334282663454 0.35695944982409805 0.40572266038042576 0.34676060840055245 0.40508523279145414 0.33826157388093103 0.42102092251574424 0.2816013437501218 0.41910863974882945 0.2742355138331166 0.3617401567413851 0.27933493454488945
0 0.4305823363503183 0.2748021161344247 0.41847121215985783 0.3314623462652339 0.4854011090018762 0.40512064543528586 0.5003806573427089 0.3376949715796229 0.4854011090018762 0.32296331174561255 0.4541671571422676 0.29180018517366746
1 0.4882695331522484 0.5462046184610009 0.450342591608438 0.5920994048669562 0.42357063287163066 0.6413938050807603 0.4299449087613467 0.6504594419016898 0.44588059848563677 0.6504594419016898 0.445561884691151 0.6799227615697105 0.4512987329918954 0.6918214098971804 0.5150414918890558 0.590399597963032 0.492094098686078 0.5484710276662332
1 0.5077110746158824 0.6493262372990736 0.5195034850118571 0.7201515249625852 0.5717725473075285 0.6957876260063371 0.5647608438288408 0.669723920146165 0.5771906818137872 0.6583918741200031 0.5835649577035031 0.6833223753775591 0.6007755026057365 0.6725569316527054 0.5921702301546199 0.639127395875528 0.595038654304992 0.6379941912729118 0.5889830922097619 0.602298246290502 0.5708164059240711 0.61476349691928 0.583883671497989 0.6226959291375932 0.5880269508263044 0.6345945774650632 0.5870708094428471 0.6504594419016898 0.5829275301145316 0.6549922603121546 0.575915826635844 0.6561254649147708 0.5673105541847273 0.6476264303951493 0.5555181437887526 0.6413938050807603 0.5618924196784686 0.6164633038232044
1 0.5800591059641593 0.7088194789364233 0.5969509370719069 0.7734121412855458 0.6501761407510358 0.7133522973468881 0.6431644372723482 0.7110858881416556 0.6418895820944049 0.6867219891854077 0.654638133873837 0.6850221822814834 0.6453954338337486 0.6464932257925331 0.6402960131219759 0.6487596349977656 0.6383837303550611 0.6464932257925331
1 0.5188660574228854 0.5796341542381783 0.5526497196383804 0.6158967015218961 0.5803778197586451 0.5428050046531523 0.5947199405105063 0.4997432297537373 0.5695415507461278 0.47481272849618117 0.5724099748965001 0.4606476709634789 0.561254992089497 0.4470492157320847
1 0.4987870883702799 0.3546930406188657 0.46787185030515716 0.49124419523411594 0.4866759641798194 0.5082422642733586 0.4968748056033651 0.5037094458628939 0.4962373780143935 0.5144748895877477 0.49942451595925147 0.5161746964916719 0.5230093367512009 0.4340173628019986 0.527471329874002 0.40398744083266974 0.5236467643401724 0.4028542362300535 0.5112169263552261 0.4045540431339778 0.5048426504655101 0.39322199710781597 0.5054800780544817 0.37905693957511366 0.5022929401096238 0.3592258590293304
0 0.450342591608438 0.19887740775914034 0.4653221399492707 0.2663030816148033 0.545319302365207 0.20624323767614555 0.527471329874002 0.13995076842309875 0.5252403333126014 0.13541795001263401 0.5112169263552261 0.14108397302571493 0.5016555125206521 0.15468242825710915
1 0.5309771816133458 0.13655115461525022 0.6103369164403105 0.12635231319170454 0.6119304854127395 0.16034845127019007 0.6036439267561087 0.202843623868297 0.5794216783751877 0.2085096468813779 0.5488251541045508 0.20794304458006985 0.5312958954078317 0.1439169845322554
0 0.5047151843785216 0.28153078833476297 0.5086013455671916 0.3359370449761436 0.5785522469632524 0.32298317434724344 0.5863245693405924 0.31693803472042337 0.5804953275575874 0.3022569813410032 0.5892391902320949 0.2616681867037828 0.5863245693405924 0.24180558507280253 0.5154021276473643 0.2582138212027428 0.5173452082416993 0.2720312832069029
0 0.30603519360776577 0.1304022976642614 0.3133217458365221 0.20121679043558213 0.3706426233694052 0.18999010255720203 0.39590267109576044 0.18308137155512194 0.39784575169009545 0.1813541888046019 0.39250228005567417 0.11053969603328118
0 0.5916680409750138 0.40329717224642425 0.5814668678547549 0.44388596688364473 0.6562754707366533 0.5155640510302255 0.6669624140054958 0.47411166501774504
0 0.6237288707815416 0.3575268293576438 0.636844664793303 0.3419821846029636 0.6965943930691049 0.29275747621314313 0.7189398199039576 0.3497545069803037 0.6426739065763081 0.4274777307537045
0 0.6266434916730442 0.1675367268004418 0.5936111215693488 0.30398416409152323 0.6217857901872066 0.3350734536008836 0.6601616319253233 0.19430805943350207
1 0.5766091663689175 0.750460905100948 0.565436452951491 0.7910496997381683 0.6358731244961355 0.8627277838847491 0.6557897005880695 0.8074579358681085 0.6213000200386228 0.7634147757298481 0.5868103394891763 0.7841409687360883
1 0.5994403633523538 0.8566826442579291 0.5596072111684859 0.9257699542787299 0.5421194858194708 0.9646315661654301 0.5644649126543234 0.9965844470500507 0.5843814887462575 0.9965844470500507 0.6305296528617141 0.8964078475198894
1 0.6441312170220593 0.858409827008449 0.6480173782107294 0.9965844470500507 0.686393219948846 0.9974480384253106 0.6893078408403485 0.9033165785219696 0.6868789900974298 0.855819052882669
1 0.7189398199039576 0.9024529871467095 0.7004805542577749 0.9585864265386101 0.726226372132714 0.9965844470500507 0.7791753183283433 0.9957208556747905 0.7879191810028509 0.9732674799180304
0 0.658704321479572 0.7798230118597883 0.7038809452978612 0.7245531638431476 0.7267121422812977 0.7124628845895076 0.7471144885218154 0.7737778722329682 0.6744335969557941 0.8434776768129312
1 0.7287603715770317 0.8068792206519426 0.7233367730419891 0.8764027761420785 0.7624437730051905 0.8840148442614364 0.772149159857372 0.7414154348254642 0.7615874153417628 0.7302510682504059 0.7433184518553038 0.7338033667061062 0.7584474372425276 0.7738935921347249 0.7493129554992982 0.784550487501826 0.7564492693611962 0.8144912887713005 0.7524529335985333 0.8149987599792577 0.7430329993008278 0.7891177283734407
1 0.6588244957304304 0.559740742376788 0.6691007876915638 0.7063999214764176 0.697931495693632 0.7043700366445889 0.69736059058468 0.6835637171183438 0.712204123417428 0.6810263610785579 0.7099205029816208 0.6434734916897253 0.6953624227033487 0.6419510780658537 0.6956478752578246 0.6175924600839082 0.7062096197734338 0.6170849888759511 0.7044969044465782 0.5896815436462625 0.6950769701488728 0.5881591300223908 0.6947915175943967 0.5582183287529162 0.6967896854757283 0.5587257999608735 0.6953624227033487 0.5511137318415156
0 0.72266580076391 0.5573435481983 0.7262640264631443 0.7081602522719972 0.7622431360543829 0.7054189867793315 0.7632711106141324 0.6405423701195743 0.7573602568955718 0.5555631398469346
1 0.6501661604041068 0.09682521062446268 0.647896819530096 0.15868576185675828 0.7235415153304575 0.1997019969129543 0.7280801970784793 0.13582425379264904 0.7261890796834701 0.1291002808326169
0 0.7258108562044683 0.12035911598457513 0.7545558406086056 0.25954535625724023 0.7867048363237593 0.23197706712110852 0.7624985336676436 0.1291002808326169 0.7549340640876074 0.09682521062446268
1 0.7171117161874268 0.21449473742502498 0.6900040382581977 0.24340589227628084 0.6987873169181672 0.2631539174986961 0.6902623699834909 0.2750945839122495 0.7229018362337616 0.3469093802284744 0.726104295638223 0.34311387278614974 0.737846646787915 0.3700619756266549 0.7688037543643755 0.32982959673801343
1 0.7340316984488447 0.4658451971431939 0.7044100201522395 0.5161911998158124 0.6673015440444043 0.45022057562410545 0.668929108785976 0.44616974782286023 0.6604657721298032 0.4212860913294971 0.6601402591814888 0.41144836666933027 0.6728352641657481 0.39987457295148693 0.6878088597882079 0.4299664366178796 0.7005038647724674 0.41665657384235977 0.6904129633747227 0.3836712617465063 0.6985507870825813 0.3732548474004473
