1 0.30619511977583225 0.8996618577294103 0.30741380681971614 0.9765745511656393 0.3878471517160541 0.9776578285379804 0.3811443729746926 0.9413680365645486 0.3799256859308087 0.9029116898464341
1 0.4335479158617007 0.8666218978730021 0.43842266403723634 0.9966151825539525 0.482904741138999 0.9960735438677819 0.482904741138999 0.9689916095592506 0.4725459012659858 0.8606638723251252
1 0.5627287425133951 0.9917404343784167 0.48747481755356376 0.992823711750758 0.4877794893145347 0.9186192117453823 0.5179419936506614 0.917535934373041 0.5618147272304822 0.9251188759794298
1 0.5139812607580387 0.8801628650272678 0.5459717956599913 0.8471229051708596 0.5234260853481391 0.7805013467718726 0.5234260853481391 0.79566722998465 0.5091065125825031 0.7978337847293326 0.5048411079289095 0.7637105475005831 0.4932635810120123 0.7680436569899481 0.4926542374900703 0.8021668942186976 0.483514084660941 0.8092081971389158 0.4953962833388091 0.8433314343676651 0.5008803750362867 0.8417065183091533 0.5072784820166772 0.8438730730538359 0.5124579019531839 0.8476645438570303 0.5155046195628936 0.8536225694049071 0.5148952760409516 0.8633720657559784 0.5136765889970678 0.8742048394793909 0.5115438866702708 0.8752881168517321
1 0.5493231850306721 0.9180775730592117 0.5877118269130153 0.9186192117453823 0.5916725598056379 0.8617471496974665 0.5849697810642763 0.8628304270698077 0.5819230634545666 0.8411648796229827 0.5822277352155376 0.8379150475059589 0.590758544522725 0.8341235767027645 0.5886258421959282 0.8086665584527452 0.5791810176058279 0.8119163905697688 0.5752202847132052 0.8075832810804039 0.5746109411912632 0.7935006752399676 0.5740015976693212 0.78700101100592 0.591977231566609 0.7799597080857019 0.5898445292398121 0.7669603796176069 0.5593773531427144 0.765335463559095 0.5605960401865983 0.784292817575067 0.5484091697477591 0.7902508431229438 0.5477998262258172 0.8048750876495507 0.5569399790549465 0.7978337847293326 0.5599866966646564 0.8005419781601858 0.564556773079221 0.8124580292559395 0.5654707883621339 0.8211242482346696 0.5484091697477591 0.8422481569953238
1 0.618788346532055 0.9197024891177236 0.5977659950250575 0.774001682537825 0.6251864535124454 0.7572108832665356 0.6273191558392422 0.765335463559095 0.6373733239512845 0.7685852956761188 0.6507788814340075 0.8514560146602246 0.6596143625021659 0.8747464781655615 0.6608330495460497 0.8947871095538747 0.6529115837608044 0.9029116898464341
0 0.6550442860876012 0.907244799335799 0.6602237060241077 0.9765745511656393 0.7095805313014061 0.9727830803624449 0.7440084402911267 0.9614086679528617 0.738219676832678 0.8844959745166328
1 0.6647937824386726 0.7826679015165551 0.6638797671557596 0.7978337847293326 0.7485785167056913 0.8238324416655227 0.7552812954470528 0.7485446642878055 0.7181113406085936 0.7387951679367343 0.7156739665208257 0.7626272701282418 0.7083618442575222 0.7669603796176069 0.7050104548868414 0.7962088686708206 0.6913002256431475 0.7940423139261382 0.6934329279699444 0.7588357993250475 0.6803320422481923 0.7555859672080237 0.6757619658336277 0.7859177336335789
0 0.6419434003658492 0.6488831460324104 0.6300612016879811 0.7252542007824686 0.7129319206720869 0.7588357993250476 0.7217674017402452 0.690047686181378
1 0.6526069119998333 0.5546380146387213 0.6261004687953584 0.5979691095323715 0.630975216970894 0.6050104124525896 0.6364593086683715 0.6060936898249308 0.6376779957122556 0.6120517153728077 0.6361546369074006 0.6266759598994146 0.6529115837608044 0.6467165912877278 0.711103890106261 0.6602575584419935 0.7150646229988838 0.6505080620909222 0.7031824243210156 0.630467430702609
1 0.7339542721790843 0.46201779930354425 0.6879488362724667 0.591469445298324 0.7175019970866516 0.6190930182930259 0.7293841957645196 0.6201762956653671 0.7677728376468629 0.5010157847078294
0 0.6638797671557596 0.39160477010136285 0.671801232941005 0.452268302952473 0.6781993399213955 0.4582263285003499 0.7558906389689947 0.4306027555056479 0.7461411426179235 0.36452283579283157 0.6940422714918864 0.37752216426092655
1 0.5596820249036853 0.36073136498963715 0.5867978116301024 0.3146920766651339 0.6081248348980707 0.3558566168141015 0.6437714309316751 0.4257280073301123 0.6157416289223452 0.47935023726100434 0.591977231566609 0.428977839447136 0.5861884681081604 0.4046040985694579 0.5816183916935956 0.407312292000311 0.5703455365376695 0.3883549379843391 0.5828370787374796 0.3802303576917797 0.5779623305619439 0.353690062069419 0.563642757796308 0.3661477518513434
0 0.5676034906889308 0.6656739453036998 0.6053827890493318 0.6808398285164773 0.6264051405563293 0.5308059124472138 0.5843604375423345 0.5123901971174125 0.576438971757089 0.5373055766812613
1 0.5520652308794108 0.6694654161068941 0.6090388501809836 0.6840896606335011 0.6099528654638965 0.6802981898303067 0.6288425146440971 0.6884227701228661 0.6291471864050682 0.6835480219473304 0.6334125910586618 0.6862562153781836 0.6267098123173003 0.750711219032488 0.5743062694302922 0.7528777737771707 0.5593773531427144 0.7474613869154643 0.5666894754060178 0.7415033613675874 0.5578539943378594 0.6775899963994535
0 0.4679390921245959 0.6984208487342977 0.47505849739896727 0.761704451173155 0.5591969233688115 0.7409934540113471 0.5530483460863999 0.6788604625259236 0.5472233781346414 0.6656284365614352
0 0.4569363748823854 0.7133787911289368 0.44463922031756203 0.7801142264280952 0.381859010170832 0.7594032292662874 0.3627660596622905 0.7467465087785159 0.3747396048964606 0.6673543529915859
1 0.36923824627535534 0.6092484998431806 0.4032172259939463 0.5712783383798663 0.4420503456723361 0.6662037420381521 0.43849064303515034 0.6903665720602612 0.42360461382510095 0.68691473919996 0.42975319110751264 0.6569988544106821 0.4164852085507295 0.6500951886900793 0.41066024059897105 0.6794357680026405 0.3902728527678165 0.6679296584683029 0.3948033833969619 0.647218661306495 0.39965752335676064 0.6380137736790248 0.39836308603414766 0.6265076641446872 0.3941561647356554 0.6167274710405002 0.38833119678389694 0.6138509436569156 0.3770048702110333 0.6184533874706507 0.3724743395818878 0.622480525807669
0 0.4122782872522373 0.5183502345219129 0.42619348847032695 0.5839350588676376 0.5093610864482115 0.5350340933467025 0.4935042292462024 0.4619702978036582 0.47538210672962056 0.46772335257082703
0 0.5197165850291154 0.3871805858304632 0.5339553955778584 0.507419430464292 0.5388095355376571 0.5298563440562506 0.5850856698210715 0.507419430464292 0.5585497047075052 0.36359306128507096
0 0.4868570803453753 0.2685886458261049 0.4507132733412643 0.37204025342898267 0.4886642706955808 0.41316387384254893 0.4984230985866908 0.38746161108407 0.5204708208591985 0.30971226623967124
1 0.5077371075926401 0.5203032552157815 0.5607091584630252 0.6060002619572044 0.5540876521042271 0.6370771984678303 0.5379311765887597 0.6295433956773755 0.5339582727734807 0.629072533002972 0.5307799497212576 0.6337811597470062 0.5291907881951461 0.6394315118398474 0.5244233036168114 0.6384897864910405 0.5204503998015325 0.6427275505606713 0.4960832564011555 0.6055293992828009 0.4995264397077305 0.5942286950971187 0.4982021384359709 0.5890492056786811 0.49316979360328433 0.5909326563762949 0.48946175004235737 0.5994081845155564 0.47542415656170534 0.5777485014929991 0.4902563308054131 0.5546762304472312 0.49687783716421124 0.5815154028882263 0.5008507409794901 0.5848114416090504 0.5122397319166229 0.5772776388185955 0.508531688355696 0.5542053677728279 0.5058830858121767 0.5513801917264074 0.5045587845404171 0.5462007023079697 0.5066776665752325 0.5429046635871458 0.5064128063208806 0.5396086248663218 0.5114451511535671 0.535370860796691
1 0.3888825043191313 0.7842597552473846 0.34727792162893245 0.8093218362802317 0.32045843857244066 0.6681184041195567 0.35587390978806444 0.6448901338939912 0.36618909557902285 0.6809550797705272 0.35656158884079503 0.7439159174871918 0.38510026952911325 0.7689779985200388
0 0.6240970981772284 0.24778440186837328 0.6705566735275483 0.3756222142972792 0.6374135369719061 0.4129740031139555 0.5871069904142348 0.2914491690766004
0 0.6451074793866087 0.23515844508527145 0.690383371288513 0.357735442187885 0.7282612416378185 0.3182793272406918 0.7066590187042301 0.2604103586514751 0.6776587742180432 0.1941240855401905
0 0.5897702781731703 0.17728947649605475 0.5403514942018108 0.2888187614134542 0.5749742350679728 0.3224879795017257 0.6208419686940849 0.20201530852962918
1 0.5755660767921807 0.1494071552667049 0.5776375228269084 0.1615070305171775 0.5829640983447795 0.15256364446248036 0.6196582852456692 0.18360245488760565 0.6208419686940849 0.19622841167070748 0.6690770692170286 0.1678200089087284 0.6587198390433905 0.10784671418899473 0.6516177383528956 0.09837724660166837 0.6276481485224757 0.1183683448415796
1 0.7315163711209619 0.1467767476035587 0.7042916518073986 0.2504148095315195 0.7421695221567041 0.2835579460871617 0.7762004212986581 0.14519850300567097 0.7551900400892778 0.1246813232331305 0.7525267523303422 0.13415079082045686 0.7551900400892778 0.16624176431084065 0.7507512271577185 0.16887217197398688 0.7445368890535355 0.14151593227726628
0 0.660791285078118 0.10311198039533155 0.7377307092251448 0.07522965916598169 0.7504553062956146 0.12888997549416442 0.672332198700172 0.17045041657187462
0 0.2965004702948566 0.5089747619111709 0.3194553454144584 0.5769892067099909 0.39150814787320853 0.4999061692713281 0.3742919915335072 0.4341588726324686
0 0.2894864806749783 0.2743249273552413 0.2869359389950225 0.3491408166339435 0.29203702235493406 0.4239567059126456 0.3385844080141266 0.42055598367270464 0.3322080538142372 0.2697906310353199
0 0.3147144038078353 0.2332099173774507 0.33999864229901294 0.28397670211267806 0.3999506815877198 0.17595306073004935 0.3748016529280457 0.1302821843110475 0.33829499842206723 0.1870102202841235
1 0.39481270799058205 0.09903368991909882 0.3940014490015603 0.15576172589217485 0.39913942259869806 0.16633813937868053 0.4789132231858362 0.1682611236489543 0.4799949018378652 0.09951443598666726
1 0.5078481271276117 0.14566605847323758 0.4916229473471769 0.15672321802731173 0.438350273734749 0.2283543820950094 0.4553867125042056 0.28892838660863296 0.46349930239442305 0.28315943379781167 0.4561979714932274 0.2721022742437375 0.4629584630684086 0.2567184000815474 0.4735048299256912 0.27114078210860065 0.5324563164612713 0.21200901579768244
