0 0.3228605127359599 0.16516587968262497 0.3634105612353889 0.29291849380178236 0.39728781694377263 0.25915530292743366 0.38086248084273805 0.18341625312821888 0.3593042272101303 0.12592757677459804
1 0.3408257240964664 0.3093438299028169 0.3156744281917573 0.4334463693328556 0.35571118493802895 0.45990941082896675 0.3824023561022101 0.3139064232642154 0.3577643519506583 0.3047812365414185 0.34493205812172506 0.31573146060877477
0 0.31160010259287874 0.7740297377939718 0.31969862011076294 0.9262304479713515 0.35402090863893904 0.9255448591867687 0.35170704649097206 0.7754009153631373
1 0.37831646119259166 0.6369119808774134 0.35980556400885627 0.6801040743061293 0.3556986136123215 0.7662540513557967 0.36331761696387066 0.7712850122990419 0.36266455953373794 0.7886998771025827 0.39422900199015565 0.7898608680894855 0.4016303195316605 0.7082045020106607 0.40141263372161623 0.6397060337834001
1 0.3720250493656411 0.8049537509192208 0.36614753249444604 0.8393964835306683 0.3659298466844018 0.9206658526138588 0.3535217555118789 0.9280187955309094 0.3517802690315249 0.9485296362995242 0.3528686980817462 0.9543345912340379 0.3948820594202884 0.9709754620463101 0.41142618098365225 0.8204336307445904
0 0.35199795484156915 0.5278639020451045 0.30759004959254 0.6431890067441082 0.34329052243979874 0.6760837513730187 0.36484141763418054 0.6230651629711277 0.38617462701851807 0.5580496677045752
1 0.40968469450329814 0.408281830394124 0.39901808981112935 0.42453570421076214 0.3615761304835166 0.5278639020451045 0.36135844467347233 0.5325078659927154 0.3883514851189606 0.5580496677045752 0.38769842768882784 0.5661766046128943 0.39357594456002293 0.5743035415212133 0.44386136668024706 0.4566564548484041 0.44277293763002573 0.45085149991389056 0.4125146100338736 0.40866882738975824
1 0.45997011662352233 0.5027090973288788 0.4168683262347587 0.6342880758445206 0.4493035119313536 0.6675698174690653 0.4743373800864435 0.6037153131894156 0.48848695773932044 0.533668856979618
0 0.4101200661233867 0.7012385560892442 0.40054189048143923 0.7708980153034076 0.48195638343799263 0.8092107178711975 0.49305835975024986 0.737616273678863 0.4260111302566177 0.6973685861329019 0.4129499816539621 0.6934986161765595
0 0.5159153698048973 0.8215946217314932 0.5289765184075529 0.8939630599150962 0.44865045450122076 0.9373067234261312 0.4349362484684324 0.869582249190139
0 0.4390722788592733 0.34404032911884 0.41534452556444895 0.3958979265338283 0.44886814031126504 0.4543344728745987 0.47716729561701887 0.4972911393899994 0.5072079374031269 0.4392415900448633 0.4408137653396274 0.3417183471450346
1 0.4109908093635637 0.24961306218408527 0.4022833769617933 0.2906347437213148 0.4521334274619289 0.3243034823414938 0.4595347450034338 0.31927252139824863 0.4608408598636994 0.32120750637641987 0.4582286301431682 0.3293344432847389 0.48173869762794835 0.34558831710137705 0.4958882752808253 0.271671890935237 0.4340655052282553 0.23645516433252112 0.43319476198807827 0.24458210124084018 0.42688187349679474 0.25270903814915924 0.41773906947493583 0.26354495402691797 0.4146914681343162 0.2627709600356495
1 0.43341244779812255 0.0692724622185291 0.43014716064745867 0.0901702999827781 0.42339890053608653 0.18188858794809318 0.4567048294728584 0.19427249180838888 0.4634530895842305 0.19001552485641224 0.4776026672371074 0.08049537509192209
0 0.49893587662144495 0.1621517411707469 0.5028542212022417 0.22910222141547054 0.5873163154994147 0.20704339266431884 0.580132683767954 0.13351396349381306 0.5622824473443248 0.1300309905331049
0 0.5468271859818025 0.22155685468203262 0.5297865248372532 0.25863371607780133 0.4954508643221168 0.34183057579513604 0.5264801278987586 0.38614194673154256 0.5809085082709008 0.26677253931101885
1 0.5770934348803302 0.256372931846352 0.6063423308747056 0.22924352106896026 0.6264350507317114 0.2970670480124396 0.5664112293867322 0.3472564579506144 0.5580180679274764 0.33278743886933876 0.561070126639933 0.32193567455838207 0.5603071119618189 0.31741410609548343 0.5725153468116453 0.2952584206272802 0.5760760819761779 0.289380381625512 0.5915907137644988 0.3070144986308166 0.5954057871550695 0.299327832243889 0.5829432140792051 0.279432931007135 0.581671522949015 0.26767685300359856
0 0.5191923914026029 0.38383810855664535 0.5054724255658164 0.4471692569026693 0.5841817032610649 0.5066491867681918 0.5979016690978514 0.4386109936126661 0.5957353587025693 0.42834107766466223 0.5822560940208141 0.4223502933616599 0.5670919212538397 0.417215335387658
0 0.48284651699287034 0.58110607739122 0.5225622075730416 0.609776259412731 0.543262506905737 0.5027979682876904 0.5071573336510358 0.47498361259517985 0.4898268504887792 0.543877632079706
1 0.5738315535947173 0.5425938925862055 0.5593894842928367 0.5648453771402139 0.5285797364488252 0.6114879120707316 0.5413368976654862 0.6251811333347367 0.5413368976654862 0.6324556571312395 0.5230436098831043 0.623469480676736 0.5129341613717879 0.6380185282697416 0.5206365983327909 0.66027001282375 0.5290611387588878 0.6427255730792434 0.5410961965104549 0.6555629680142483 0.5331530583944206 0.6799540183907574 0.5372449780299534 0.6829494105422587 0.6000679794931334 0.5982226039712265
1 0.519455209753298 0.6876948403353353 0.5021300791232282 0.7455780353905874 0.5182603731581207 0.7652264594001685 0.5717293107923015 0.8093026538000394 0.5729241473874787 0.7986818840651307 0.5791970395121592 0.7875300758434766 0.5914441146127256 0.7455780353905874
0 0.6371466143782545 0.6122873752174839 0.606379572052441 0.682384455467881 0.5914441146127256 0.7020328794774621 0.5818854218513079 0.7238054574340247 0.6183279380042133 0.7758472291350771 0.6697059115968338 0.6521152617233913
0 0.6248995392776879 0.7901852682772039 0.5532093435670545 0.8454132708987288 0.5753138205778331 0.9059516583877081 0.5905479871663427 0.9027654274672355 0.6428220882053463 0.8507236557661833
1 0.6320685588487512 0.7508884202580418 0.6514846535203811 0.7323020732219517 0.6947974800955555 0.8592202715541101 0.6643291469185363 0.894799850166054 0.6562639999010901 0.8666548103685461 0.6499911077764097 0.8709031182625095 0.6243021209800993 0.7774403445953134 0.6272892124680424 0.7779713830820588 0.6365491960806657 0.7933714991976765 0.6455104705444951 0.7726609982146045
0 0.7258632315701632 0.8496615787926923 0.7097329375352708 0.8592202715541101 0.6559652907522957 0.9282552748310163 0.6756800945727198 0.9925109317272137 0.747967708580942 0.911793081741908 0.7318374145460494 0.8629375409613281
1 0.5470109626067955 0.8789867802232881 0.5373994004731361 0.9372843597006475 0.6193803716131725 0.9820126749893112 0.6292746267507632 0.9081355699619678 0.62362076667214 0.9041150472393914 0.572736025964531 0.9307510102764607 0.5492725066382447 0.8749662575007117
0 0.7211719641644083 0.5754988242708494 0.7226107112250854 0.721291859752798 0.7603778215678598 0.7232101891670342 0.764334375984722 0.6221781733505961 0.7618165686285371 0.5729410517185346
1 0.6826854802912953 0.6835647146061534 0.6902389023598501 0.6829252714680747 0.6941954567767122 0.6113076400032579 0.6229774772731945 0.6055526517605494 0.6075109463709155 0.6541503302545323 0.6111078140226083 0.659265875359162 0.6362858875844579 0.608749867450943 0.6711755038058782 0.6503136714260599 0.6708158170407089 0.6567081028068471 0.6834048538216337 0.6688575224303428 0.6848436008823108 0.6771702832253662
0 0.6285313275905543 0.458747153225222 0.611791548514022 0.5227583839078112 0.6436918822259045 0.5519564891314483 0.6904369256849004 0.5772240801903651 0.7074925496496692 0.5160203596254334
0 0.6932795296790285 0.39305141647203845 0.677803130155442 0.4492016188251868 0.6806457341495701 0.45200912894284423 0.6803298892613336 0.4581856512016905 0.7040182558790682 0.48008423011941836 0.7084400843143785 0.46997719369585167 0.7106509985320337 0.47390770786057207 0.709387618979088 0.48289174023707576 0.7510791442263006 0.5205123758136853 0.7690823028557788 0.45144762691931273 0.7409721078027338 0.4256185338368645
0 0.6616950408553826 0.17743463943594878 0.6285313275905543 0.21898578917727857 0.6537989186494712 0.30096508461287513 0.6721179221671857 0.34363923840126787 0.7078083945379057 0.30152658663640663
0 0.6361116049082294 0.16564309694178764 0.677171440378969 0.17518863134182286 0.7198105002908911 0.17518863134182286 0.7213897247320734 0.11173890268276522 0.6405334333435398 0.10780838851804483
0 0.7220167143540696 0.2373928889113635 0.7284954286403972 0.386483301623891 0.769527285787139 0.3807244444804887 0.767367714358363 0.3128979047915277 0.7598092143576475 0.2329137777998284
0 0.5852438571982639 0.38328393654422305 0.6036002143428587 0.4466313651216489 0.6784653572070893 0.3794446984486215 0.6583093572051811 0.31545739685526203
