0 0.7286458333333333 0.5138888888888888 0.7197916666666667 0.5296296296296297 0.7135416666666666 0.5574074074074075 0.7041666666666667 0.5685185185185185 0.6838541666666667 0.6333333333333333 0.715625 0.6759259259259259 0.7625 0.5592592592592592 0.7614583333333333 0.55
0 0.7208333333333333 0.3314814814814815 0.7078125 0.3537037037037037 0.6765625 0.44814814814814813 0.6802083333333333 0.462037037037037 0.7078125 0.487962962962963 0.7552523163905644 0.36876733014107527 0.740625 0.3490740740740741
0 0.6260416666666667 0.42314814814814816 0.5994791666666667 0.4527777777777778 0.5984375 0.4666666666666667 0.6098958333333333 0.5175925925925926 0.6286458333333333 0.5740740740740741 0.6349088309391399 0.5893171915697011 0.6572916666666667 0.5712962962962963 0.6723698381217201 0.5533304862698685 0.6359375 0.4361111111111111
0 0.5489583333333333 0.6037037037037037 0.553125 0.6712962962962963 0.6270833333333333 0.6703703703703704 0.6328125 0.662962962962963 0.63125 0.600925925925926 0.5708333333333333 0.5981481481481481
1 0.628125 0.712037037037037 0.5953125 0.6861111111111111 0.5489583333333333 0.6888888888888889 0.5427083333333333 0.6953703703703704 0.5354166666666667 0.7268518518518519 0.615625 0.7777777777777778
0 0.6927083333333334 0.25 0.6744791666666666 0.2851851851851852 0.64375 0.37037037037037035 0.6729166666666667 0.4083333333333333 0.6984375 0.36018518518518516 0.7078125 0.3212962962962963 0.7229166666666667 0.28703703703703703
0 0.5616358939414436 0.23781173825227855 0.5545101790240781 0.305757949181501 0.6377514851042113 0.337427793258681 0.6458488884193994 0.2694815823294585 0.5901387536109055 0.245873153108288
1 0.572972258582707 0.20729352486881425 0.5726483624500993 0.23378103082427387 0.5943494033348034 0.2355084768648473 0.647468369082437 0.2619959828203069 0.6445533038889693 0.2896351194694821 0.65362239560198 0.28848348877576646 0.6571852530606627 0.21593075507168152 0.6328930431150985 0.20729352486881425
1 0.5496517370349653 0.36967345268271873 0.5648748552675188 0.4393471096525146 0.6429338232259316 0.3915544358633158 0.6335408353803136 0.34721665415526387 0.626415120462948 0.3731283447638657 0.6231761591368729 0.3708250833764344 0.624471743667303 0.33915523929925445 0.610868106097787 0.3345487165243919 0.6005034298543462 0.3385794239523966 0.5924060265391583 0.3621878531735671 0.5937016110695883 0.3385794239523966
1 0.4659555166803485 0.24326182358892484 0.4651278869881987 0.28985430996180356 0.5156132982093378 0.32026203791041913 0.5492702390234304 0.32124293236037454 0.5506496218436802 0.24816629583870153
0 0.46733489950059826 0.31143398786082105 0.45078230565760186 0.37421123265796297 0.5296830029758847 0.418841930130931 0.5432009546143317 0.3639118409334319
1 0.42843630396955673 0.24228092913896945 0.4402989962237041 0.3903959910822261 0.4187806242278088 0.39333867443209214 0.41022845074226066 0.38990554385724846 0.4049867960253118 0.39824314668186883 0.3958828694116638 0.39971448835680184 0.3914688443868648 0.375682574332896 0.3889859553104153 0.25356121531345593
0 0.42843630396955673 0.39382912165706985 0.41464247576705976 0.5429250780502818 0.45519633068240084 0.5556767058997012 0.468438405756798 0.46102039147901075 0.47257655421754713 0.4060903022815116
0 0.4935431730853425 0.4311031107553728 0.482232233959295 0.5375301585755274 0.486922135548144 0.536549264125572 0.4938190496493925 0.5434155252752595 0.4968536918539418 0.5581289420245896 0.49271554339319273 0.5748041476738304 0.47974934488284554 0.5762754893487634 0.4794734683187956 0.5811799615985401 0.5164409279014875 0.5944220366729372 0.5338211514366338 0.44679742195465827
1 0.46733489950059826 0.5488104447500138 0.43947136653155433 0.5654856503992546 0.39533111628356393 0.6027596394975576 0.408849067922011 0.6670082259696325 0.4656796401162986 0.6316960257712403 0.4560239603745507 0.6297342368713296 0.44885116970925226 0.6218870812716868 0.4469200337609027 0.609625900647245 0.44885116970925226 0.594912483897915 0.45409282442620114 0.5875557755232498 0.45961035570719994 0.5865748810732946 0.4645761338600989 0.5914793533230712 0.47616294955019633 0.5929506949980042 0.4739559370377968 0.6277724479714188 0.4844392464716945 0.6184539506968432 0.4885773949324436 0.6076641117473344 0.4830598636514448 0.5851035393983616 0.47616294955019633 0.5821608560484954 0.47616294955019633 0.5757850421237858 0.4676107760646481 0.5743137004488528 0.46733489950059826 0.5532244697748129
0 0.48774976524029384 0.6179635034718655 0.472852430781597 0.6998681900431365 0.4659555166803485 0.7587218570404569 0.5067852481597396 0.7749066154647202 0.5269242373353853 0.6336578146711509
0 0.39851305133371884 0.1614889489064743 0.40730378040725673 0.22968369565876842 0.46324478360249804 0.21310858360091917 0.4701708125695279 0.20789926266845227 0.4707035840285302 0.20079564321508828 0.4741665985120452 0.20505781488710667 0.4904161280116152 0.19748062080351841 0.48055985602007273 0.12312940385830887
1 0.5280498183832615 0.5613599900821423 0.5257348257555401 0.5757643886546313 0.5373097888941473 0.5823492565734834 0.5511997446604759 0.5774106056343443 0.5530517387626531 0.5560097848980751 0.5565242277042353 0.5704141834705639 0.5667101952662096 0.5671217495111378 0.5525887402371088 0.469583393463141 0.5386987844707801 0.46587940525878674 0.5345317977408816 0.5202045655893166 0.5509682453977038 0.5333743014270208 0.5498107490838431 0.5370782896313752 0.5312908080620715 0.5337858556719491
1 0.5947338339774476 0.46557644602292253 0.5766997164013353 0.5248189578671567 0.6233531944786697 0.5680311429770686 0.6104156753479802 0.5478189918772711 0.6104156753479802 0.5310916944153696 0.5998304324228708 0.48718253857787847
