0 0.3333333333333333 0.6064814814814815 0.3125 0.6620370370370371 0.34427083333333336 0.7111111111111111 0.3567708333333333 0.7185185185185186 0.3619791666666667 0.7324074074074074 0.3802083333333333 0.7509259259259259 0.403125 0.6907407407407408 0.37864583333333335 0.6648148148148149 0.34375 0.6129629629629629
0 0.46822916666666664 0.7324074074074074 0.465625 0.8 0.5489583333333333 0.8157407407407408 0.553125 0.7435185185185185 0.5484375 0.7342592592592593
0 0.3765625 0.55 0.36354166666666665 0.6027777777777777 0.4348958333333333 0.6759259259259259 0.44947916666666665 0.6212962962962963
0 0.478125 0.4462962962962963 0.428125 0.48148148148148145 0.4078125 0.5037037037037037 0.40729166666666666 0.524074074074074 0.42291666666666666 0.575 0.49635416666666665 0.5046296296296297
0 0.415625 0.2601851851851852 0.4046875 0.3990740740740741 0.4453125 0.4046296296296296 0.4505208333333333 0.39166666666666666 0.453125 0.26666666666666666
0 0.3567708333333333 0.2212962962962963 0.3380208333333333 0.29074074074074074 0.32708333333333334 0.35648148148148145 0.3338541666666667 0.36666666666666664 0.36822916666666666 0.38425925925925924 0.3921875 0.24259259259259258
1 0.4283839055861002 0.18390097232539127 0.417847912379958 0.24349850965306435 0.4518504359088714 0.24903256669063395 0.4542449798193583 0.2677632212793312 0.46430206424340315 0.2741486717072962 0.4678938801091334 0.24307281295786665 0.48633186821988234 0.25116105016662227 0.49279713677819686 0.2588235906801803 0.49303659116924553 0.27202018823130786 0.4899236840856126 0.2852167857824355 0.5009385860738521 0.2911765395152028 0.5093194897605562 0.21795670794120445 0.4841767787004441 0.20092884013329784
0 0.540625 0.337037037037037 0.5046875 0.34444444444444444 0.5171875 0.49166666666666664 0.5494791666666666 0.4842592592592593
0 0.55625 0.5435185185185185 0.5322916666666667 0.5972222222222222 0.5598958333333334 0.6509259259259259 0.5921875 0.6972222222222222 0.6182291666666667 0.649074074074074 0.61875 0.6398148148148148 0.5614583333333333 0.5444444444444444
0 0.6536458333333334 0.4462962962962963 0.63125 0.47314814814814815 0.5916666666666667 0.5453703703703704 0.61875 0.5925925925925926 0.6692708333333334 0.5185185185185185 0.6786458333333333 0.4962962962962963 0.6760416666666667 0.4842592592592593
0 0.6588541666666666 0.5814814814814815 0.6598958333333333 0.649074074074074 0.7208333333333333 0.6611111111111111 0.728125 0.6703703703703704 0.7369791666666666 0.6703703703703704 0.7421875 0.6620370370370371 0.7442708333333333 0.5916666666666667
0 0.6729166666666667 0.6916666666666667 0.6614583333333334 0.7509259259259259 0.6630208333333333 0.7611111111111111 0.6723958333333333 0.7675925925925926 0.6848958333333334 0.7648148148148148 0.6984375 0.7787037037037037 0.7328125 0.7953703703703704 0.7447916666666666 0.7925925925925926 0.7515625 0.7277777777777777 0.6973958333333333 0.6962962962962963
0 0.6463541666666667 0.8481481481481481 0.578125 0.9296296296296296 0.5942708333333333 0.9740740740740741 0.6036458333333333 0.987037037037037 0.66875 0.9018518518518519
0 0.7328125 0.8398148148148148 0.6776041666666667 0.9453703703703704 0.7067708333333333 0.9972222222222222 0.7375 0.9453703703703704 0.7614583333333333 0.8907407407407407
0 0.5880208333333333 0.31574074074074077 0.565625 0.4 0.559375 0.44814814814814813 0.5958333333333333 0.4777777777777778 0.60625 0.4398148148148148 0.6239583333333333 0.33611111111111114
0 0.7625 0.3648148148148148 0.7526041666666666 0.3638888888888889 0.690625 0.4203703703703704 0.6983914172766975 0.4769174417872229 0.7015625 0.475 0.7276041666666667 0.46296296296296297 0.7677083333333333 0.4222222222222222 0.7708333333333334 0.40370370370370373
1 0.6947357437669599 0.28845626418955916 0.6327792664618926 0.38550696989819594 0.6600747774424467 0.44211988156156734 0.6771886295651751 0.4136208648058566 0.6771886295651751 0.40476306230070325 0.6810879882766828 0.4020672093643522 0.6776218916442315 0.37780453293719307 0.68867007466017 0.3677913648878892 0.6949523748064881 0.3878177009864968 0.7055672957433702 0.37164258336839073 0.7038342474271445 0.34930551618148226 0.7142325373244985 0.34198820106852945 0.7172653718778934 0.3450691758529306 0.7233310409846833 0.3369816170438776
0 0.6151041666666667 0.15648148148148147 0.6098958333333333 0.1824074074074074 0.6083333333333333 0.30092592592592593 0.6479166666666667 0.30833333333333335 0.6520833333333333 0.16111111111111112
0 0.7041666666666667 0.13055555555555556 0.6921875 0.17222222222222222 0.6765625 0.2675925925925926 0.7125 0.2953703703703704 0.7416666666666667 0.15555555555555556
