0 0.38617770851633487 0.41097593991378234 0.3869766968787825 0.4171311095207859 0.39470025104910916 0.43607009292695104 0.4109463477522102 0.46447856803619864 0.44157423497936776 0.5227159420101564 0.4738000989314205 0.4824706022720555 0.42000154919328286 0.36457543056867786
1 0.314078134944659 0.490057556661379 0.31917004280669475 0.46824978965629666 0.3337514153207062 0.43615534010164714 0.3578222524866933 0.36579443146260787 0.3925398060914825 0.3925398060914825 0.38929950108836875 0.4028264886410496 0.3825874407247762 0.41105583468070334 0.3851333946557941 0.42175398453225316 0.3545819474835797 0.5324386887655957 0.3156982874462158 0.49828690270103276
0 0.3372231706811851 0.5427253713151629 0.3254192024555568 0.6048569339145484 0.4034179728876497 0.6464151314147997 0.415221941113278 0.5768771573797258 0.39300270680621296 0.5665904748301587 0.37703263214800997 0.5571267268845568
1 0.33814897211064615 0.6455921968108344 0.34115782675639456 0.7122498997320295 0.38929950108836875 0.7163645727518563 0.41175018575279915 0.7204792457716832 0.42378560433579265 0.7180104419597871 0.4272573596962716 0.7081352267122025 0.4240170546931579 0.6381857853751459 0.41429613968381696 0.6398316545830768 0.40989858289387704 0.6608164869841937 0.4031865225302845 0.6567018139643669 0.40156637002872764 0.6608164869841937 0.39832606502561396 0.6805669174793627 0.39624301180932664 0.6859159924051376 0.393928508235674 0.687973328915051 0.39207690537675194 0.6859159924051376 0.3916140046620214 0.6793325155734146 0.39554866073723083 0.6546444774544534 0.3740237775022616 0.6455921968108344 0.36569156463711217 0.6451807295088516 0.36430286249292065 0.655055944756436 0.3633770610634596 0.6616394215881591 0.361988358919268 0.6649311600040206 0.35921095463088487 0.6665770292119514 0.35735935177196276 0.6628738234941072 0.3568964510572323 0.6583476831722976 0.3568964510572323 0.6525871409445401 0.3589795042735196 0.644769262206869
1 0.3355073775360888 0.7807677069026834 0.3257520318950737 0.8287155495304178 0.32689971961754605 0.8378970513101968 0.3366550652585612 0.8477586643329222 0.35980010099508725 0.8531995542764951 0.3760071864726085 0.864233316713263 0.37972487785669234 0.8510632788965522 0.38428410574116445 0.8484387755758688 0.4091506730613991 0.864761445406587 0.42120139414735897 0.8100124903493866 0.35788129783108896 0.771977882807489 0.35700601333398463 0.7761404955710854 0.3550180688181191 0.7794074844167902 0.3510011617894658 0.7845083187388896 0.34851450505744236 0.7865486524677293 0.34373247288047415 0.7875688193321493 0.3383765968422698 0.7834881518744697 0.33646378397148247 0.7814478181456299
1 0.3779261657559488 0.8644075426363622 0.37256258480089705 0.8838447932768914 0.3678178785714283 0.9234527757141959 0.3539963430334105 0.9968008913388343 0.35688442508613066 0.9986345942294503 0.3956672412226582 0.998267853651327 0.4187718976444192 0.8919130859956016
1 0.41670898189247624 0.8677082078394709 0.4755020808228504 0.8596399151207607 0.4831348691050393 0.9040155250736669 0.4936557394399484 0.9073161902767756 0.4973689877934457 0.9241862568704424 0.448684176047592 0.9395893611516165 0.4375444309871 0.9498580973390656 0.4226914375731108 0.9498580973390658 0.41980335552039066 0.9432567669328483 0.41939077237000205 0.9179516670423482 0.4367192646863229 0.9263867003391815 0.4394010551638487 0.9241862568704424 0.4437331782429289 0.9047490062299133 0.4383695972878773 0.8981476758236958 0.42537322805063665 0.8897126425268624 0.42392918702427657 0.8875121990581232 0.4259921027762195 0.8765099817144275
0 0.4830874287338798 0.8349123649823676 0.5206151005663725 0.803289818133151 0.554021236186048 0.7778375243276839 0.5698566121616085 0.8480241527003357 0.49415049962091523 0.9012425852026759 0.48156896802389454 0.8395400547651799
0 0.5551058509788948 0.7284754999776871 0.5791842993800894 0.8700056791686936 0.5807027600900747 0.872705164875334 0.6160612023368741 0.84840979351557 0.6034796707398534 0.7670395815011222 0.5915489080185407 0.7049514102483918
0 0.7050893619331081 0.9353881398662082 0.6967256132113999 0.7835452674505472 0.7362633344412937 0.7794901165551735 0.739304697612824 0.8191404808654944 0.7410788261295501 0.8479771094548187 0.7415857199914717 0.9277284103971689
0 0.6333638804711852 0.6172840807402241 0.6328569866092635 0.6231415209224306 0.6376724782975197 0.6456701370078402 0.6526258472242105 0.6763090548839974 0.6799981157679832 0.7434443308185181 0.7147203453096208 0.7073985450818626 0.6703671323914706 0.5785348610733194
0 0.6683395569437837 0.46679292528968774 0.664030959117449 0.5334776289025002 0.7484287871274149 0.5478959431971624 0.7514701502989453 0.47625494404555974 0.7162410268953859 0.4703975038633533
0 0.7030617864854213 0.27124453766833206 0.718015155412112 0.4158782529366619 0.7187754962049945 0.42038397615374384 0.7588201112968102 0.4041633725722489 0.7529908318847104 0.3514464109323903 0.7517235972299061 0.338830385924561 0.7398115914747457 0.2590790849822108
0 0.601429567170117 0.2545733617651289 0.6168898299587294 0.23204474567971925 0.6267742602662029 0.21357128048968338 0.665805087634175 0.16536004206690674 0.6919101215231435 0.21582414209822434 0.6262673664042812 0.3122466189437776
0 0.5545418849423582 0.2775525501722467 0.5971209693437824 0.4086690957893308 0.6300690703686941 0.37172216540925906 0.6229725563017899 0.34513839842847566 0.610553656684708 0.3158511975174431 0.5834348350718961 0.24556191533096505
0 0.6528792941551713 0.3721727377309672 0.5963606285508999 0.48256295654947445 0.6219587685779466 0.5258178994334609 0.6576947858434276 0.4717492208284778 0.674929177148766 0.4474183154562354 0.6832929258704744 0.42804370562278315 0.6817722442847092 0.42038397615374384
1 0.5025852640953823 0.19059209208256556 0.5003042417167346 0.2680905314163747 0.5003042417167346 0.2982788769708236 0.5010645825096172 0.338830385924561 0.5393350690847067 0.338830385924561 0.5390816221537459 0.32531321627331516 0.5365471528441373 0.32396149930819057 0.531731661155881 0.30774089572669566 0.5319851080868419 0.30323517250961374 0.5408557506704719 0.2924214367886171 0.5395885160156676 0.18788865815231637
1 0.5288021126498178 0.5238081787423169 0.5299118757403736 0.5992720689001083 0.5290795534224567 0.6372506279991276 0.532408842694124 0.6638849421724657 0.5362930135110691 0.6688172225749357 0.5759670439984375 0.6599391178504896 0.5668114985013524 0.5085181094946598 0.5440613551449595 0.5114774777361418 0.5582108345495453 0.5198623544203409 0.5612626830485736 0.549949264875408 0.5546041045052391 0.561293509801089 0.5509973744609329 0.5681987023645472 0.5493327298250993 0.5721445266865232 0.5421192697364868 0.5691851584450411 0.536847895056347 0.5593205976401011 0.5340734873299576 0.5504424929156551 0.5335186057846798 0.537125335828986 0.5307441980582904 0.5262743189435519
1 0.5920586088114959 0.5134503898971298 0.5984397465821915 0.5055587412531778 0.6039885620349703 0.5070384253739189 0.6309003169809473 0.561293509801089 0.5862323525860782 0.6254131550331995 0.5809609779059384 0.6259063830734465 0.5787414517248268 0.5903939641756623 0.5945555757652464 0.5859549118134393 0.5970525427189968 0.5820090874914632 0.5953878980831632 0.561293509801089 0.5926134903567738 0.5588273695998541 0.5765219255437154 0.5608002817608421 0.5762444847710764 0.536138879748492 0.5920586088114959 0.532193055426516 0.5928909311294127 0.5262743189435519
1 0.5052196469755079 0.369921030185252 0.5079940547018974 0.39211629199636716 0.5129879886093983 0.41677769400871734 0.5196465671527328 0.4182573781294583 0.5182593632895381 0.39902148455982517 0.5213112117885664 0.39606211631834315 0.5285246718771789 0.3985282565195782 0.532408842694124 0.42170997441118735 0.5446162366902373 0.4261490267734104 0.5527877055585618 0.49125180212493746 0.5393271760858177 0.5071283240671486 0.5397154605898391 0.5085088911925583 0.5679308012153991 0.4928624637712487 0.540492029597882 0.34928348272864407
1 0.4210937845361479 0.2898563456117458 0.4410075792728327 0.35033527777501083 0.44826781693724904 0.36250481900298487 0.4474380754898872 0.36729888069885347 0.45905445575295334 0.40270118245295977 0.46154368009503893 0.3997509906401176 0.4648626458844864 0.40159486052314397 0.47046340065417896 0.41523949765753915 0.47046340065417896 0.41782091549377604 0.47834594440411676 0.4089703400552495 0.47461210789098834 0.3960632508740649 0.47440467252914786 0.3790996479502223 0.482909522364607 0.3809435178332486 0.4866433588777354 0.39569447689745957 0.49805230377896115 0.3879502233887488 0.5003340927592063 0.37651823011398533 0.4949407733513541 0.3577107573071163 0.48042029802252145 0.3256274213424574 0.45469831315430354 0.25777300964708694 0.44826781693724904 0.26367339327277134 0.45200165345037746 0.27879312631358755 0.45241652417405837 0.28506228391587723 0.4434968036149183 0.2957567292374302 0.43893322565442805 0.2935440853777986 0.43271016479921404 0.2754741605241401
0 0.37429624851812837 0.2305574969851006 0.3842100410464464 0.21149424060411726 0.40626317136454154 0.19494877280175435 0.44854853133226524 0.15790131228776783 0.4677691494994124 0.21473139734805782 0.3929098997957867 0.2913441069546513 0.37449857081462473 0.23703181047298175
0 0.4527069081636389 0.6542199551775313 0.4438303021212146 0.720047738400081 0.4443375367522103 0.7295161181786669 0.4593009583665827 0.7344757456817358 0.5262559296580116 0.7493546281909421 0.5356397703314316 0.6853303458785993
