1 0.3580376855467368 0.6607541265005815 0.3491580972426548 0.7233340821674454 0.43319705797771696 0.7577248686150013 0.4414423899743646 0.6861243787979588 0.43827110843719247 0.6804865449540972 0.43319705797771696 0.6889432957198897 0.4290743919793932 0.6883795123355034 0.4236832133662005 0.6810503283384833 0.4227318289050489 0.6776676280321664
0 0.46839828304032793 0.5993017376024898 0.4503219782784466 0.6528611591191752 0.37611399030861814 0.5716763517675679 0.39704444845395437 0.5164255800977241 0.40243562706714703 0.5136066631757933 0.4129008561398152 0.519808280404041 0.4335141861314342 0.55081636654528
1 0.351979543603904 0.44052195323937493 0.36714173932837985 0.5032886301432369 0.41392794327819105 0.46285610821130124 0.41067890133723195 0.4543845321874671 0.40937928456084827 0.448223385988315 0.41154531252148774 0.4385965950521399 0.41674377962702225 0.4281996608410707 0.4258410970617078 0.4158773684427665 0.43883726482554425 0.44090702487682193 0.44555195150352644 0.43551602195256384 0.42714071383809143 0.3685135570367848 0.421509041140429 0.3654329839372087 0.4087294761726564 0.3769851330606189 0.3877190049544542 0.40432521931935633
0 0.47306050660364696 0.37313441668614883 0.4449021431153346 0.41356693861808447 0.465479408741409 0.47710375879684047 0.47847557650524547 0.5175362807287761 0.4864898799596113 0.5321690029517623 0.4938543750257852 0.5321690029517623 0.5226625469022894 0.4913514093823797
0 0.5142150378557957 0.5329391462266563 0.48584007157141945 0.5841536740071082 0.5059841316053659 0.6257414108513848 0.549521293614218 0.6869678012054588 0.5765966431222106 0.6369084883373479
0 0.5501711020024099 0.3380928976784713 0.5176806825928187 0.3750597748733839 0.5670661200953973 0.5009782003185549 0.5999897450971162 0.4593904634742782 0.6006395534853081 0.4536143889125731 0.5939248668073259 0.43205037721554074 0.5794124794710419 0.4020147894946743
1 0.4810748100580127 0.2603084269141761 0.5085833651581332 0.37120905849891384 0.5406405789755965 0.34540925878996437 0.5464888544693228 0.3334720380291072 0.5415069901598523 0.3122930979695219 0.5295938363763355 0.2818724386112084 0.5152980518361153 0.22796240936862758 0.5113992015069645 0.23335341229288564 0.5070671455856857 0.23104298246820362 0.49861963653919195 0.20716854094648923 0.4862732771635473 0.22103111989458146 0.4938543750257852 0.24413541814140186 0.49233815545333764 0.25068163597800097
1 0.3669251365323159 0.3057468801329228 0.3879356077505181 0.3615822675627387 0.4559488857145956 0.27032028948779824 0.43385540051607363 0.21910576170734644 0.39854914475765124 0.2618487134639641 0.3996321587379709 0.27109043276269223 0.3924842664678609 0.2768665073243973 0.39594991120488393 0.3111378830571809 0.3946502944285003 0.3153736710690979 0.39205106087573305 0.31729902925633297 0.3842533602174312 0.31768410089378 0.3814375238685999 0.3134483128818629 0.3792714959079605 0.28957387136014856
0 0.3035887356592065 0.23104539984447375 0.31281324146924316 0.22412132634755735 0.3429466271153629 0.21355300364173757 0.36242058382544035 0.20152698125235644 0.3759498590134941 0.19934043172701443 0.3874292440215397 0.27331869066775283 0.30994339521723174 0.2984640102091861
1 0.3342760968698214 0.10666359786159542 0.32070505874903804 0.17955038973368562 0.34813284105630543 0.19224843709816128 0.38884595541865546 0.19148655425629274 0.3913271695502756 0.21738221002559122 0.4040644084189626 0.22434958855205248 0.41464611455602557 0.15815949255067055 0.35017609012836376 0.10764599823382642 0.33783076630179026 0.10311720219162661
0 0.4508054632132056 0.15955374218572457 0.4931614869280065 0.1147810084091182 0.5073564786594533 0.09320869122584421 0.5199488100341239 0.08425414447052293 0.5247567911044526 0.08751034329063975 0.5453624242630044 0.15059919543040332 0.4679768241786654 0.22182854462045892
0 0.5735234562463585 0.14245869838011124 0.5826815154279371 0.2926508689579999 0.6232059273064223 0.28410334705519324 0.6211453639905672 0.2429938369512183 0.6193137521542514 0.2177582960953129 0.6106135959317517 0.13635332559239216
0 0.7086189619820215 0.23918991332956943 0.7055097443586461 0.3040123898411545 0.7077709935392827 0.3859198601619944 0.7462122296101065 0.3904423585232678 0.7501694156762205 0.24069741278332726
1 0.650957107875786 0.3281323811012791 0.6232568054129867 0.3733573647140129 0.6501091394330473 0.4401898404972749 0.6611327291886511 0.47536482775162336 0.6642419468120265 0.4788823264770582 0.6707430382063571 0.47787732684121964 0.6783747541910059 0.48541482411000864 0.7074883373917031 0.444209839040629
0 0.6792086723873785 0.49976702090452135 0.6672927307665473 0.6424340770450854 0.6402994752581337 0.6329229399690478 0.6512426869507338 0.48290636881518184
0 0.6607268037509872 0.6796139765241413 0.6687518256588939 0.646757321170557 0.6850450519567651 0.6450280235203684 0.6925837089005563 0.6035248799158406 0.6945291687570185 0.5641833583740488 0.7003655483264052 0.5447287598094263 0.7314929060298011 0.5741268198626335 0.7132542198754677 0.6523775385336701 0.7040132855572719 0.6610240267846134 0.7008519132905208 0.6636179732598964 0.6959882636493653 0.6705351638606509 0.6952587162031919 0.6748584079861226 0.6813973147258985 0.6869634915374432 0.6789654899053207 0.6908544112503676
0 0.6899087015979207 0.7025271703891411 0.7057155629316764 0.6856665182998017 0.7212792417833743 0.6718321370982925 0.7597020739485034 0.6407047793948967 0.7718611980513924 0.6982039262636694 0.7013382782546365 0.7647818857959326
1 0.6706972855153561 0.8581639589061201 0.7027973731469831 0.7794809158225362 0.7040132855572719 0.7872627552483852 0.7052291979675609 0.7915859993738568 0.7083905702343121 0.7911536749613096 0.7096064826446008 0.7851011331856493 0.7083905702343121 0.7738606984594231 0.7142269498036987 0.7578646951951781 0.7261428914245299 0.747056584881499 0.7516770520405968 0.7786162669974419 0.7524065994867701 0.7885597284860266 0.7458406724712101 0.8101759491133849 0.7290610812092233 0.8387093603414977 0.6991496359161163 0.897937804860459
0 0.5775583948872266 0.7427333407560274 0.654404059217485 0.6705351638606509 0.6719131979256451 0.7332222036799897 0.6519722343969072 0.7539737754822536 0.5955538985595024 0.7976385411495172
0 0.566128818230511 0.8279012500278186 0.5644265408561064 0.8503821194802711 0.5675879131228576 0.8936145607349875 0.5700197379434353 0.9744592258813071 0.6106312124470846 0.9774854967691371 0.6120903073394313 0.8244426547274413 0.5729379277281288 0.8240103303148941
0 0.45941401739229093 0.8805133390701858 0.45941401739229093 0.9549031760489048 0.5338038543710101 0.9511836841999689 0.537988282701063 0.947464192351033 0.5372908779793875 0.8817531696864978 0.49637646764109195 0.8796867853259778
1 0.4626478505658663 0.7678739914079763 0.4491331722127065 0.8303418380181372 0.49913748211939774 0.8659004583962288 0.5107879358469369 0.8784682419684524 0.5272645982229329 0.879231381095277 0.5421141592824459 0.817848268696105
1 0.42254924119180204 0.7977573173982263 0.4073638778364716 0.9468232997075564 0.4487384910365023 0.9593432772243503 0.4487384910365023 0.8959608910455803 0.44565740281947874 0.8983083868299792 0.4401554595747938 0.9006558826143781 0.43443343860032146 0.89635214034298 0.42937165081521134 0.8838321628261859 0.42915157308542395 0.8697471881197925 0.4313523503832979 0.8591834570899974 0.43399328314074664 0.8435334851940047 0.4507191906045888 0.8521409697368008 0.4542404342811872 0.8525322190342006 0.4560010561194864 0.8419684880044055 0.4454373250896913 0.8321872555694101 0.44433693644075434 0.8247535189188137 0.44653771373862833 0.8071473005358218
0 0.49055467411252446 0.6977669302304937 0.5121230289047929 0.7049006496449908 0.5279231027642454 0.7089133668156455 0.5735677605804415 0.7285310952055123 0.5685518641171232 0.7963014296432345 0.5424692025078683 0.786492565448301 0.5457295352090251 0.7686582669120584 0.5439739714468638 0.7615245474975613 0.534945357812891 0.7579576877903127 0.5314342302885682 0.7615245474975613 0.5269199234715818 0.7811422758874281 0.5061039531488111 0.7757919863265554 0.5111198496121293 0.7503781109124096 0.5101166703194656 0.7468112512051611 0.4990816981001655 0.7401233892540701 0.4970753395148382 0.7419068191076944 0.49356421199051537 0.7570659728635006 0.49281182752101765 0.7677665519852461 0.48604036729553807 0.7628621198877795
1 0.5853551172692393 0.47974263062492734 0.5800884259827551 0.4850929201858001 0.5582692763673208 0.5368123859409039 0.6257330837989511 0.6308883107195838 0.6427871317742332 0.5876401367691954 0.643539516243731 0.571143410623171 0.6126917529943238 0.5212073747216915 0.597894858427535 0.48999735228326685
