0 0.3402785089385727 0.4752693930375343 0.3234707167915603 0.5305201647073781 0.3989472173762577 0.607194704983896 0.4173406502918562 0.5389769154731705 0.3919703979944789 0.5136066631757933
0 0.32220220417669143 0.33770624724731085 0.31522538479491263 0.4064878201424226 0.39989860183740933 0.4369321228992753 0.4062411649117536 0.3709694669260944 0.3608918389301917 0.34841813155064794
0 0.317128153717216 0.21423768606674146 0.3072971809519823 0.27512629158044694 0.38975050091845836 0.31346356171870593 0.3989472173762577 0.2469371223611388 0.38467645045898297 0.2294598374451678 0.36057471077647457 0.22325822021692002
0 0.3501094817038064 0.09584317534564749 0.3364729710939661 0.1618058313188284 0.41797490659929065 0.21085498576042447 0.42875726382567597 0.14940259686233284 0.38435932230526576 0.1161393771835493 0.36564876123594997 0.09584317534564749 0.3516951224723925 0.0868226411954689
0 0.4271716230570899 0.19732418453515657 0.40941244644892577 0.2531387395893866 0.48457181887990597 0.3258667961752015 0.5016967391806356 0.264978190661496 0.500745354719484 0.2559576565113174 0.4902801256468159 0.24355442205482186 0.4661783859643075 0.22607713713885083
0 0.4108889404122029 0.3555105824510742 0.4542094996249911 0.36640149744957534 0.4778388955592392 0.36951318744914713 0.49184150055731213 0.3765144899481836 0.49424819829135586 0.3862385211968453 0.48659052368303474 0.45586258493726356 0.4025748936945971 0.42085607244208123
0 0.4422384351432961 0.5212562467405119 0.43252452731933927 0.5835161471794396 0.514325856363186 0.6280524263255338 0.5250622808001908 0.5612480076063925 0.5230172475740946 0.5512500673899223 0.5099801607577316 0.5430699344855376 0.4879960535771978 0.538525416205324
1 0.4330357856258633 0.6403226256821108 0.41744240727688003 0.7053092370891668 0.4974543322478926 0.760752360107774 0.5074238692251114 0.7093993035413593 0.5053788359990152 0.7053092370891668 0.5000106237805128 0.6916756822485257 0.5007775112402989 0.689403423108419 0.4683126087760222 0.6621363134271367 0.44811790566832255 0.6412315293381537 0.43610333546500757 0.633051396433769
0 0.39929273739527654 0.7475732570951543 0.38804505465174766 0.813468772158253 0.4695907545423323 0.8602773104444542 0.4795602915195511 0.7957451508654196 0.4355920771584835 0.7648424265599664
0 0.38548876311912744 0.9007235231383562 0.38421061735281736 0.9720724601377113 0.4706132711553804 0.9734358156217754 0.47010201284885633 0.9061769450746127 0.4230662486486445 0.8989057158262707
0 0.35283134981103614 0.6216452166020721 0.3323178992406271 0.6917766715436415 0.3193786458039075 0.7299281830318554 0.3155915472370628 0.7484428871364297 0.316853913426011 0.7591028682875482 0.35472489909445853 0.7882775535432411 0.3888087861960613 0.645770437101972
1 0.35448715559161154 0.8085642779958288 0.32960055041740777 0.9029722570293787 0.32940459289635105 0.9054108395136402 0.3709475873603763 0.9158619073033321 0.38838780673442463 0.837827267806966
0 0.2989091404870724 0.9275501865474141 0.2972963213837249 0.9973195462774102 0.38358214341281677 0.9987531632581635 0.3846573561483818 0.9356740161050163 0.3814317179416868 0.9218157186244007 0.370948393769928 0.918948484662894 0.3413800435418902 0.9227714632782363
0 0.47754971395861634 0.8534560473508161 0.5103007787494476 0.9942887362139539 0.5452912325858057 0.9679137096777479 0.5290556620057355 0.884309851978076 0.5259765020681361 0.847484343229411 0.5184185640394826 0.826085736794376 0.5144996332098105 0.8255880947842589
0 0.5251367311760634 0.826085736794376 0.5405325308640611 0.8892862720792469 0.5640461158420937 0.8758499378060854 0.6110732857981591 0.8320574409157812 0.6060346604457235 0.826085736794376 0.598756646047761 0.8206116746830879 0.5979168751556884 0.8151376125718 0.600996035093288 0.8126494025212144 0.6166717584119764 0.8235975267437906 0.6015558823546697 0.7613922754791539 0.5629264213193302 0.7952319321671162 0.5671252757796932 0.8002083522682871 0.569644588455911 0.809663550460512 0.569924512086602 0.8191187486527367 0.5660055812569298 0.8320574409157812 0.5620866504272577 0.8355409349866008 0.5573279487055129 0.8370338610169521 0.5494900870461686 0.8300668728753128 0.5475306216313327 0.8226022427235564 0.5475306216313327 0.8201140326729709 0.5413723017561336 0.8121517605110974
0 0.4802293905732415 0.5009471579073573 0.4828931035161992 0.47862270657590184 0.4965921986514106 0.43465030243818653 0.5142868632010585 0.3673386991812222 0.5502469879309883 0.39000139977527554 0.5203753499278191 0.5340955856419427 0.4809904514140866 0.5073738938967157
0 0.5488807292034613 0.3341247443359313 0.598999440853851 0.45555932883651706 0.6325466430069345 0.4135242803555451 0.6327487345861699 0.4038238845522439 0.6242608882582813 0.38442309294564136 0.609508202974094 0.3578368229662232 0.5795986492472486 0.294245339366804
0 0.5628355908373709 0.5041450108591035 0.5572352366996857 0.5729331990553186 0.6412405487649647 0.6009915389774589 0.6465863413509372 0.5335610123903797 0.6022926313528808 0.5159114114716139 0.5793820916987137 0.499619472161984 0.5653812063545005 0.4969041489437123
0 0.513866376283085 0.7225623102898836 0.5387022655856045 0.773723366207596 0.574773438144026 0.7306219286878795 0.5952729023302327 0.7102976735972814 0.6047341934930973 0.6927767640364209 0.6043399730279779 0.6843667274472078 0.5786226305592792 0.6292145573433824
0 0.6233614783229495 0.8288732379248734 0.5832869794333121 0.9519017533609015 0.6166529719008956 0.9826588822199087 0.6426042993756828 0.9161230524432812 0.6600817240015598 0.8621411528131873
1 0.6599883653555743 0.8697350837963641 0.6621846660722318 0.8926742246147867 0.6770096959096699 0.9283031029072305 0.696501864770005 0.9980966590143461 0.7000708534345734 0.9985847258402699 0.728897300340703 0.9746694513699997 0.6956782520012584 0.8453317425001698 0.6932074136950188 0.8399630074150072 0.6888148122617038 0.8384988069372354 0.6646555043784714 0.8609498809297342
0 0.7398788039239903 0.716970167282188 0.7041889172783062 0.8516766112371804 0.7346625897219288 0.8799844871407657 0.7368588904385863 0.8809606207926136 0.7596455103739077 0.8087267305558784 0.7714506267259418 0.7760262532189781 0.776392303338421 0.7540632460524033 0.7750196153905101 0.7462541768376211
1 0.6918922577442569 0.717235131246307 0.6329621240674185 0.8177583282335186 0.6612582032743239 0.847978351935412 0.6630507167014703 0.8502090353114166 0.6806173482875055 0.8307702230348062 0.684919380512657 0.8075073821136167 0.6906554234795256 0.8103754035970511 0.7001557446434018 0.7906179222667258 0.6933441936202452 0.7820138578164229 0.6931649422775307 0.7778711601181288 0.6989009852443994 0.760663031217523 0.7019482580705483 0.7597070240563781 0.7098353171499927 0.7676737503992512 0.715750611459576 0.7581136787878036
0 0.6716547811517732 0.5723296204720031 0.6164453675956628 0.6867318107556607 0.6449463310872913 0.7297521330071753 0.6807965996302202 0.6701610199624847 0.7023067607559775 0.6201299785292417
1 0.7272226973933132 0.5739229657405777 0.699080236587114 0.6382941145909922 0.6793625888885031 0.6950172061522487 0.7091183117791341 0.7345321688128993 0.7103730711781365 0.7354881759740439 0.7134203440042856 0.7278401186848859 0.7094768144645633 0.7240160900403068 0.7094768144645633 0.7192360542345828 0.714675103403288 0.7026652634414068 0.7175431248867223 0.7004345800654024 0.7234584191963056 0.7064892920859859 0.75912943639652 0.6083392235417894
0 0.6666357435557633 0.505727788245584 0.6761360647196394 0.568505591827424 0.6818721076865081 0.5815710230297358 0.6937026963056746 0.5771096562777268 0.7132410926615709 0.5627695488605553 0.7578746769975173 0.5337706649724973 0.7476573504627826 0.4684435089609379
0 0.6863533912543741 0.3036916081903223 0.6478143525707255 0.31611970128520434 0.6639469734150436 0.4649381493700737 0.6994387392725432 0.4518727181677618 0.6926271882493867 0.36806275704073693
0 0.6119640840277967 0.22912304962103017 0.6252286833886804 0.29476887468630447 0.7039200228404093 0.2428258189307719 0.6897591667659524 0.17335596522091853 0.6533711441948796 0.19630013708839303
0 0.7071465470092729 0.12714895243225457 0.7089390604364194 0.1969374751958229 0.7105523225208512 0.2788354220005583 0.7498083665753583 0.2775607457856986 0.7494498638899291 0.12523693810996503
0 0.7071465470092729 0.2797914291617031 0.7048162795539826 0.3623267140738683 0.7019482580705483 0.4027976838956636 0.7019482580705483 0.4266978629242829 0.7067880443238437 0.430521891568862 0.7471195964346387 0.430521891568862 0.7464025910637802 0.27851675294684336
0 0.5233363006967922 0.130622747500279 0.4878999865333139 0.16123189269108007 0.5045170152088433 0.2384665962539153 0.5103229649870402 0.27832966906054 0.5171299405890644 0.29968488663551746 0.5211340438843727 0.2982612054638523 0.5599738458488629 0.2690757414447164
0 0.563377333649875 0.13240234896486044 0.5631771284851096 0.2060778495985328 0.593408108364687 0.20750153077019795 0.6472632976865834 0.19967128432603956 0.6474635028513488 0.1302668272073627
