0 0.3147790562822734 0.11870455994483035 0.30881733173147274 0.1886554613408911 0.39148657883590815 0.22186447513498053 0.39943554490364236 0.14484782612315608
1 0.40976920079169676 0.11446511137537213 0.3986406482968689 0.17735026515566915 0.43997527184908664 0.20843955466502948 0.44553954809650054 0.1985475080029603 0.44871913452359424 0.19713435847980754 0.46064258362519545 0.21762502656552232 0.4753481708505037 0.18936203610246746 0.4618349285353556 0.16957794277832908 0.4614374802319689 0.16321876992414172 0.4705787912098632 0.14838069993103795 0.43003906426441885 0.12435715803744132 0.4272569261407119 0.11375853661379574 0.412153890612017 0.10669278899803204
0 0.49243844789613217 0.1759371156325164 0.4344109956016727 0.28686935320000667 0.4618349285353556 0.33350328746404717 0.49681037923338595 0.27344443273005564 0.5135032079756278 0.24871431607488265 0.5218496223467486 0.23034337227389698 0.5198623808298151 0.22045132561182781
1 0.5059516902112803 0.14555440088473245 0.4956180343232258 0.1745239661093637 0.5234394155602955 0.22045132561182781 0.5238368638636822 0.23387624608177887 0.5631842458989663 0.27485758225320833 0.5818643161581416 0.2155053022807932 0.574710246697181 0.19925408276453666 0.5683510738429935 0.1936014846719257 0.5413245892126973 0.16957794277832908 0.506349138514667 0.14272810183842696
0 0.6287632159577733 0.13142290565320505 0.6470458379135618 0.27273785796847927 0.6887779097691663 0.2571932132137991 0.6820212886115923 0.20420010609557127 0.6665208047795106 0.11375853661379574 0.6283657676543866 0.12577030756059407
0 0.5464914171567246 0.2854562036768539 0.5468888654601113 0.3497545069803037 0.6084933524850512 0.36388600221183115 0.6076984558782778 0.29040222700788854 0.5810694195513683 0.2833364793921248
0 0.3187535393161404 0.20278695657241852 0.30961222833824614 0.3462216331724218 0.3489596103735303 0.3603531284039493 0.35134430019385054 0.35823340411922017 0.35531878322771765 0.3349164369871999 0.3549213349243309 0.2946416755773468 0.3557162315311044 0.2183316013270987
1 0.3974483033867087 0.23104994703547338 0.37439630179027966 0.2911088017694649 0.41414113212895054 0.3462216331724218 0.44355230657956696 0.3815503712512404 0.4610400319285822 0.33420986222562354 0.43162885747796575 0.28262990463054843 0.4161283736458841 0.25507348892907
1 0.42487223632039167 0.3758977731586295 0.41135899400524356 0.4260645812305518 0.4904512063791986 0.4882431602492724 0.5019772071774132 0.4380763521773501 0.49164355128935877 0.42959745503843366 0.4888614131656518 0.42959745503843366 0.48647672334533154 0.42465143170739905 0.4848869301317847 0.4175856840916354
1 0.5385424510889903 0.3879095441054277 0.5139006562790144 0.4317171793231627 0.5770949365175011 0.5355836692748893 0.5985571449003834 0.491069459295578 0.5548378315278454 0.41617253456848263 0.5524531417075252 0.3985081655290733 0.5468888654601113 0.39002926839015684 0.5456965205499511 0.3949752917211915 0.5425169341228575 0.3963884412443442 0.5409271409093106 0.3949752917211915 0.5405296926059239 0.39073584315173326
0 0.49124610298597204 0.31159946985517967 0.481707343704691 0.3349164369871999 0.48965630977242525 0.3433953341261164 0.4956180343232258 0.3518742312650328 0.4980027241435461 0.35893997888079654 0.4964129309299992 0.3702451750660185 0.49243844789613217 0.3773109226817822 0.48727161995210494 0.38084379648966404 0.4840920335250113 0.38367009553596954 0.4769379640640505 0.375191198397053 0.4813098954013043 0.39214899267488595 0.5305934850212563 0.36388600221183115 0.53496541635851 0.3603531284039493 0.5270164502907758 0.35611367983449105 0.5313883816280296 0.28757592796158304 0.5111185181553075 0.2967613998620759
1 0.32948464350758155 0.37165832458917125 0.3386259544854759 0.37165832458917125 0.40579471775782966 0.4387829269389265 0.3871146474986543 0.5066141040502582 0.3577034730480379 0.4783511135872033 0.3131892630687265 0.4317171793231627
0 0.4089743041849233 0.4832971369182379 0.3867171991952676 0.5447691411753822 0.4602451353218087 0.6288515378029703 0.47972010218775746 0.5687926830689787
1 0.46620685987260935 0.6309712620876994 0.5023746554807998 0.6253186639950885 0.5095287249417606 0.7482626725093771 0.46882925897737693 0.7535856482610427 0.46620685987260935 0.7058681868147948
0 0.625553414658737 0.3281083287892142 0.6402066457885011 0.47014388132745627 0.6792819288012051 0.4627009702774174 0.6838174527223226 0.4527770888773655 0.6820730204449698 0.4298281131397456 0.6733508590582055 0.3932338004770544 0.6628842653940883 0.31818444738916235
0 0.6880040901879695 0.39881598376458366 0.7134728014373213 0.5420920214778322 0.7515014250836137 0.5191430457402123 0.7504547657172019 0.48751067377754703 0.7410348314194966 0.4521568462898623 0.7235905086459679 0.37586700802696377
0 0.6210178907376195 0.4918523718900697 0.5882225639233857 0.5191430457402123 0.6283445063025016 0.6524952020534089 0.6642798112159706 0.6221033152657501 0.6593954008393825 0.5948126414156076 0.6454399426205596 0.559458813927923
1 0.6182267990938549 0.6698619945034997 0.630437825035325 0.7399494068913659 0.6475332613533831 0.7467720753539016 0.649277693630736 0.7517340160539275 0.6464866019869714 0.7697210510915214 0.6436955103432067 0.7734425066165409 0.635322235411913 0.7697210510915214 0.6436955103432067 0.8137582748042514 0.6775374965238523 0.7976319675291673 0.6684664486816174 0.717000431153746 0.6583487414729707 0.6537356872284155
0 0.712077255615439 0.6748239352035256 0.6935862734754986 0.7535947438164371 0.6827707933559108 0.7889485713041219 0.6792819288012051 0.8063153637542126 0.7197527576357916 0.8398084634793875 0.7487103334398492 0.696532425766139
1 0.5847336993686799 0.7294052829038108 0.5788026296256803 0.7498732882914177 0.5819426077249154 0.7548352289914437 0.5795004025366214 0.776543719554057 0.577407083803798 0.7784044473165668 0.5690338088725042 0.8670991373295301 0.6081090918852082 0.8863266575421307 0.6262511875696781 0.7418101346538757
0 0.46750785033056746 0.7697210510915214 0.4727411471626261 0.832985795016852 0.47832333045015524 0.9123768462172668 0.5170497270073888 0.9111363610422601 0.5125142030862714 0.761037654866476
1 0.44517911718045083 0.9241614553798283 0.4636700993203912 0.9254019405548348 0.4650656451422735 0.8993517518796987 0.47518335235092013 0.8993517518796987 0.4762300117173318 0.9136173313922732 0.5187941592847417 0.9148578165672797 0.5187941592847417 0.8993517518796987 0.5271674342160354 0.8981112667046922 0.5292607529488589 0.9712998920300745 0.44343468490309795 0.9725403772050811
0 0.5474028486333287 0.6065972505781692 0.5299585258598001 0.6878490295410936 0.5236785696613298 0.7213421292662687 0.5187941592847417 0.7213421292662687 0.5163519540964477 0.7393291643038626 0.5585672152083869 0.7709615362665279 0.5847336993686799 0.6264450133782729
1 0.5219341373839769 0.5222442586777285 0.4792486421910131 0.6128911317238163 0.5009990436735937 0.6084193938528699 0.5060297487784083 0.619467216828149 0.5069175202674933 0.6231498244865754 0.5240811023898019 0.6213085206573622 0.5286679217500739 0.6207824338490155 0.5286679217500739 0.615258522361376 0.5190503972849873 0.616047652573896 0.5123921111168503 0.6128911317238163 0.5085451013308157 0.6049998295986169 0.5075093679268832 0.5915846159857779 0.5103206443089855 0.5800107062021523 0.5156472732434951 0.5715933172686063 0.5215657498373946 0.573960707906166 0.5264484930273617 0.5765911419478992 0.535326207918211 0.5815889666271922 0.5322190077064137 0.6142063487446827 0.5507142470623497 0.5665954925893134
1 0.41841005132933273 0.670846437437684 0.40545693642252517 0.8037991640283132 0.4462714682986925 0.8194406612742696 0.45262582655486233 0.7946749573015053 0.45164823297699 0.756874672290444 0.4543366153161388 0.6847499905452008 0.4289191822914597 0.6725843815761238 0.42916358068592775 0.6960466274450582 0.4404059068314589 0.6986535436527177 0.4489598506378413 0.7034328900334266 0.4521370297659262 0.7125570967602345 0.4509150377935859 0.7242882196947017 0.4489598506378413 0.7351503705599491 0.44431628114294797 0.739929716940658 0.44016150843699087 0.744274577286757 0.42843038550252355 0.7421021471137075 0.4198764416961412 0.7373228007329986 0.4247644095855025 0.7121226107256244 0.4247644095855025 0.6699774653684644
1 0.4149884738067798 0.8320407562779567 0.38541626807614354 0.8633237507698693 0.3526668832174224 0.7885921528169667 0.33726978436593413 0.7360193426291689 0.3663531933076342 0.7038673760680364 0.3658643965186981 0.7195088733139928 0.3837054793148671 0.7299365381446304 0.3841942761038032 0.7421021471137075 0.38932664238763265 0.7468814934944165 0.3986137813774192 0.77468859970945 0.39714739101061086 0.7803369181593787 0.38394987770933514 0.779033460055549 0.38150589376465444 0.7829438343670381 0.38028390179231414 0.800323275751434 0.3827278857369948 0.8059715942013627 0.39836938298295116 0.8124888847205112 0.3986137813774192 0.8255234657588082
0 0.38614946325954774 0.9280621699267443 0.354866468767635 0.9702073152839045 0.31942870156976516 0.8980826335386612 0.2991436348289155 0.8541995440430615 0.3338482068433812 0.8068405662705825
1 0.35432416248857485 0.649790490676722 0.3151837026787904 0.649790490676722 0.3157722810217947 0.49597535037160423 0.3555013191745834 0.4964985311209414 0.35814992171810267 0.5666047515321175 0.3563841866890899 0.6236314532098652 0.35196984911655776 0.6272937184552252 0.3510869816020514 0.6445586831833507
