0 0.30640574144671606 0.6580993599237994 0.3455971734922263 0.6397308503590351 0.36911203271953236 0.7847787362325193 0.33348345813270497 0.8018804520341964 0.3156691708392912 0.7081377135657438
0 0.37873174785797575 0.5713239871523265 0.3598486033269573 0.6245293252019887 0.3573546031058793 0.6403642472405786 0.3837197483001316 0.6688671069100407 0.4264740378043246 0.7113046979734617 0.447851182556421 0.658732756805343
0 0.3555731743765379 0.4725140736315249 0.3174505995686326 0.6080610062818551 0.35486060288480137 0.6409976441221222 0.3755251761451613 0.5675236058630648 0.38906403448815574 0.5029171239456177
0 0.3292080291822856 0.15708242662281258 0.327070314707076 0.31289805948253796 0.36376774653150823 0.31416485324562515 0.3719623186864786 0.3046639000224712 0.3716060329406103 0.2831284060499888 0.3687557469736641 0.23372344928958805 0.3669743182443227 0.16024941103053056
0 0.3288517434364174 0.3147982501271688 0.32643630234536014 0.4645013507914968 0.3681549947530411 0.46597877239070634 0.3699871614813441 0.40254825571521463 0.365608615191624 0.3158113387379032
1 0.3787442540607842 0.21072622778462202 0.3768677342223327 0.29134708010327687 0.3762422276095156 0.36029180898267826 0.41721291074903893 0.3619598266168573 0.3849993201889557 0.31747935637208224 0.4097068313952331 0.262434774444173 0.4197149372003075 0.27355489200536687 0.4175256640554475 0.2073901925162639
0 0.36811064164289264 0.0884049346114905 0.3637320953531726 0.14400552241745937 0.44880099469630497 0.15456963410059346 0.4522412810667993 0.10174907568492303
1 0.4409821620360906 0.18403794563775697 0.4478627347770792 0.31636734461596283 0.45880910050137935 0.3324915150796939 0.46162388025905654 0.3191473740062613 0.46287489348469085 0.3191473740062613 0.4788253121115282 0.3241514269087985 0.4794508187243453 0.3213713975185 0.4819528451756139 0.3213713975185 0.48382936501406537 0.29857515651805283 0.4647514133231423 0.2902350683471575 0.4672534397744109 0.26743882734671026 0.4703809728384966 0.26632681559059085 0.4844548716268825 0.2724428802492475 0.4850803782396997 0.2685508391028297 0.4878951579973768 0.26743882734671026 0.4847676249332911 0.23185445115089018 0.47288299928976524 0.22685039824835299 0.4722574926769481 0.21795430419939799 0.47413401251539955 0.20405415724790574 0.476010532353851 0.20127412785760732 0.48038907864357105 0.20127412785760732 0.47819980549871105 0.17792188097910036
1 0.46694068646800235 0.41644840266670685 0.551071325891909 0.4231204732034231 0.5513840791983176 0.4853931315461082 0.5479437928278232 0.49929327849760047 0.51354092912288 0.48984117857058573 0.46600242654877655 0.48205709627775006 0.4672534397744109 0.46648893169207883 0.476010532353851 0.4309045554962587
0 0.5000925369473113 0.20572217488208483 0.48257835178843106 0.3563997678362605 0.5188577353318258 0.36974390890969294 0.5332443874266202 0.2846750095665606 0.5410632200868346 0.24853462749268088 0.5420014800060603 0.22407036885805454 0.5394994535547917 0.22017832771163673
1 0.4409821620360906 0.5432177428643158 0.42784652316693045 0.5771341014259569 0.43785462897200483 0.587698213109091 0.4278876756167581 0.6122429429235742 0.440776405099234 0.6280964264393558 0.4500520079219393 0.6049343953289413 0.461311126952648 0.6171665246462544 0.4597473604206051 0.6255066128171498 0.45417541433500946 0.6433792720949167 0.48883341791660256 0.687779271159835 0.5116644092844286 0.6255066128171498 0.48038907864357105 0.5843621778407329
1 0.5031217056637236 0.5809018919868203 0.5182213967100538 0.6437166067395541 0.5840560496720537 0.6061351534686877 0.5970417839718978 0.5905656942564717 0.5825460805674206 0.5266772236959988 0.5777141794325951 0.5325828806385635 0.5743922474024024 0.5331197585424331 0.5734862659396226 0.5256034678882597
1 0.5719762968349895 0.6544541648169445 0.590699913732439 0.7999480767655843 0.6275431598854848 0.7849154954572378 0.6187853390786132 0.6952568855110279 0.6148594194065674 0.6914987401839413 0.6169733761530536 0.6737817693562472 0.6109334997345215 0.6367371939892503
0 0.527281211337852 0.7129738563387221 0.5284891866215584 0.7918949082075416 0.5299991557261915 0.831623873093886 0.5293951680843382 0.8627627915183181 0.5665404080583106 0.8611521578067095 0.560198537818852 0.707605077300027
1 0.5133894955752282 0.7747148152837169 0.49073995900573286 0.8337713847093641 0.4856060640499805 0.8402139195557983 0.4708083668245769 0.8273288498629299 0.45389671285268707 0.7983374430539758 0.42309334311817337 0.7569978444560227 0.4300392009994853 0.7425021410515457 0.42309334311817337 0.7339120945896334 0.4421189538365494 0.6925724959916805
1 0.6527676999327289 0.7036714880553894 0.6541224582169198 0.8357353326476445 0.694990999790017 0.8369395622335921 0.6963457580742082 0.8072352324468842 0.6943136206479215 0.7594674588709622 0.6918298971269046 0.7173194233627957 0.6841529335164885 0.7161151937768481 0.6803144517112805 0.7056785373653022 0.6846045196112188 0.6860094541281577 0.6692505923903868 0.6852066344041927 0.6676700410588305 0.7028686683314243 0.6660894897272743 0.7072841768132323
1 0.6245435690120815 0.5788330209788201 0.6184471567332218 0.6442628284819737 0.7035711355898937 0.6703544695108388 0.7065064452056411 0.6065303014556153 0.664508938395718 0.5856569886325231 0.6475744598433297 0.5820442998746803 0.642832805848661 0.588466857666401 0.6412522545171047 0.5872626280804534 0.6387685309960879 0.5928823661482089 0.6367363935698012 0.5912767267002788 0.636510600522436 0.5828471195986454
0 0.6552514234537458 0.4853045231368887 0.7340531969841927 0.42629727342545554 0.7485039520155642 0.49212849079059184 0.7056032730161804 0.5298610178169504 0.6882172083690618 0.5507343306400424 0.6712827298166734 0.5591639377416756
1 0.7006358259741464 0.30025457676293854 0.7227635446159338 0.35926182647437166 0.6843787265638537 0.4110436986701191 0.6599583075360598 0.41759689654142157 0.6598308532472347 0.41057274906839714 0.6562621331601335 0.40626762642364017 0.651546324473607 0.40196250377888326 0.6486148758306312 0.4006029913647495 0.6417323442340789 0.3990168935482601 0.6402028927681784 0.39607128331763697 0.642114707100554 0.37046713285145105
0 0.6117430117145345 0.24431271974017954 0.5919695002247718 0.38096965470276195 0.622618443033904 0.4007431661925247 0.6389315900129583 0.3361496953259664 0.6460994879279973 0.29792090644575847 0.6478296701833515 0.2755109267573607 0.6443693056726431 0.268480344894334
1 0.5946552141176012 0.10529319329053734 0.6309654924571144 0.09471096280907629 0.6470372550008334 0.24127485497731166 0.6208462345592173 0.24974063936248053 0.6122151028227756 0.23915840888101947 0.6050720972477895 0.24709508174211522 0.600310093531132 0.22963440144770456 0.5985243421373855 0.18730547952186039
0 0.3341407322300875 0.8993044206953908 0.3268023559732042 0.9714922997260653 0.41143829546925853 0.9967145707126864 0.41779822155855745 0.9175688238236338 0.4016537937934141 0.9097412224829582 0.38012789010655634 0.908871489000661
1 0.5224923894900929 0.1339389562737816 0.5259169650766384 0.21047550271594254 0.5445075182607428 0.22004257102121264 0.5440182931769506 0.28179364826431974 0.5733717982044839 0.2774449808528333 0.562608846361055 0.1287205553799979
0 0.6690260883280242 0.07309973987683327 0.6539366924818889 0.13077476399983934 0.7303267589529489 0.1988447052612942 0.7456047722471609 0.13949308159982862 0.7042975511183656 0.09992533249218494 0.6744959943222483 0.07276441996914139
0 0.7208958865491143 0.2132634612920457 0.7244796180625716 0.270267845599668 0.76446651705483 0.27060316550735986 0.7623917251259865 0.1183679274152392 0.7429641279740873 0.1183679274152392 0.7495657386567715 0.12339772603061763 0.7250454704068016 0.19716810572283472
1 0.6658195917107205 0.16430675476902892 0.6675171487434107 0.2038745038766726 0.6707236453607145 0.20823366267666724 0.6718553500491746 0.2273468974151053 0.670346410464561 0.23036477658433238 0.6765707862510919 0.3091649548919279 0.6833610143818528 0.30983559470731165 0.6858130412068497 0.30681771553808457 0.6763821688030152 0.2840159618150357 0.6765707862510919 0.2769742437535059 0.6852471888626197 0.2662440067073652 0.6892081552722302 0.26959720578428414 0.7005252021568318 0.2970934382150196 0.7050520209106723 0.29005172015348984 0.7090129873202827 0.2994406775688629 0.7133511886260467 0.3001113173842467 0.7095788396645129 0.20991026221512674 0.7075040477356693 0.19113234738438056 0.694866678714531 0.1814080700613156 0.6897740076164602 0.196162145999759 0.6865675109991565 0.19850938535360227 0.6848699539664663 0.19448554646129954 0.689396772720307 0.16799527375363976 0.6803431352126257 0.16028291587672616
0 0.42647980266621377 0.4252489807248971 0.40432500772251434 0.49355959846797026 0.4379033688090587 0.5237147360302278 0.454173296345838 0.4861746668200705 0.46317368179171586 0.4744818583775625 0.465596862488683 0.45909658411110454
