0 0.32459477805890313 0.02511484562579008 0.31605281021524784 0.0770967354094021 0.3988441908537535 0.09753905161644054 0.4077146959221648 0.04438902947814061
1 0.3278092246527181 0.08208938289989214 0.30348789508171 0.1366067593295915 0.31617728442310555 0.1535259451181189 0.3789192650555613 0.16417876579978427 0.37750933290651734 0.21869614222948364 0.3958384508440887 0.17545822299213587 0.3549504185218142 0.11530111796626072
0 0.29174602372471814 0.16730954765575237 0.29043283832160616 0.1708113753973844 0.28780646751538214 0.2326769988328835 0.3722880617822548 0.2497970455697512 0.37491443258847884 0.17625866299547865 0.3302661288826705 0.17120046736867683
1 0.31475376462964627 0.2792314558949754 0.3640177788709596 0.2730018827319642 0.3636055277057603 0.2755670010932041 0.36484228120135814 0.27959790137515256 0.3689647928533509 0.27959790137515256 0.3695831696011498 0.2722689917716099 0.39967750466069685 0.2675052005293072 0.4031816395648907 0.3327324960008369 0.3636055277057603 0.3352976143620768 0.36175039746236354 0.3444587513665051 0.318876276281639 0.3466574242475679
0 0.36759062230268663 0.35708076235038416 0.38224844150977194 0.3509733376807653 0.4051512840208428 0.361559540441438 0.4502698837676523 0.36481683359856804 0.4477505710914345 0.42751972687332196 0.3625519969502511 0.42548391865011564
1 0.37670873906182345 0.548196871096062 0.34121016590128594 0.49262364876845427 0.3226661351457813 0.46907567320590865 0.3123344608677144 0.4516501712896249 0.3380311892003423 0.3984317465182718 0.35975419665679065 0.4337537098620902 0.35869453775647603 0.4507082522671231 0.3608138555571052 0.45447592835713035 0.37220518873548664 0.4549468878683813 0.40028614959382225 0.504397636549727
0 0.3573699641310829 0.6056539314686732 0.303857189665198 0.7219809307476486 0.33140832107337637 0.7638963272489797 0.3692911267596216 0.6965491171400993 0.3896895605906767 0.6503950850375099
1 0.3910141342160699 0.5255908145560182 0.42676555066442795 0.5337959002759765 0.42333373067566377 0.6127183241374369 0.41909509507440557 0.682420331802572 0.3815058897969129 0.6766947503578399 0.3936171878857037 0.649231489385525 0.3826181518662916 0.6347308875921427 0.38689669435620616 0.570278109262031
1 0.2946200575730227 0.5355811632106091 0.29737503060863396 0.559493608905327 0.3155254411961909 0.6433312197145186 0.32492476096474726 0.6571601039717049 0.3453439728757488 0.614809145934072 0.3333517373089701 0.596082531835799 0.3327035083594145 0.5891680897072058 0.3356205386324147 0.5868632756643414 0.3497195182852491 0.6055898897626145 0.3380513971932482 0.5327001456570286 0.32994853532380314 0.5159902438462619 0.2946200575730227 0.5318358403909546
1 0.2962406299469117 0.712763742755808 0.29299948519913366 0.7133399462665241 0.3043434918163568 0.7833486728185294 0.38958559868291887 0.7381166972273161 0.377917477590918 0.6839535672200032 0.3315691076976922 0.7669268727631208
0 0.28878599702702223 0.8435619396883612 0.28829982531485554 0.916451683793947 0.36495289859980584 0.9213494136350339 0.3638184979380836 0.8553741116580411 0.32492476096474726 0.8455786519758675
1 0.366411413736306 0.8516287888383866 0.366411413736306 0.9201970066136017 0.4429024297838674 0.9193327013475275 0.44808826138031227 0.9031990030474769 0.43301693830314447 0.8980131714510321 0.4322066521161999 0.8936916451206613 0.435447796863978 0.8741007257563141 0.4505191199411458 0.8778460485759688 0.4548946653506461 0.878710353842043 0.4542464364010905 0.8576789257009055 0.44225420083431183 0.8510525853276704 0.4404715712230339 0.8493239747955221 0.441930086359534 0.8380880063365583 0.435447796863978 0.836071294049052 0.41146332573042055 0.8450024484651514
0 0.4699659884278139 0.8458667537312256 0.44695386071859 0.9720553225780502 0.4850373115049818 0.9847317998138041 0.4903852003388155 0.9801221717280755 0.49573308917264924 0.9613955576298024 0.49832600497087165 0.9262471434761207 0.5065909240777057 0.8576789257009055
1 0.4694798167156472 0.7456073428666252 0.4864958266414819 0.7332189673862293 0.5145317287097618 0.731778458609439 0.5130732135732617 0.7476240551541316 0.5150179004219285 0.7522336832398603 0.5260377925643739 0.756555209570231 0.5287927655999851 0.7522336832398603 0.5310615669234298 0.7283212375451426 0.543864088677153 0.7277450340344264 0.5532634084457092 0.7905512167024806 0.4775826785850923 0.8147517641525565
0 0.524093105715707 0.6390096933841479 0.5174487589827621 0.7035444865843504 0.6013944079502129 0.7340832726523034 0.6088490408701025 0.6724294970056813 0.5629868426890433 0.6482289495556054 0.5415952873537083 0.6344000652984192 0.5284686511252074 0.6318071495001968
1 0.6044734954606021 0.7188138796183269 0.6201930474873255 0.7052730971164987 0.660383242359773 0.8392404133579905 0.6269994514576595 0.8706435046920176 0.6020426368997686 0.7997704728739381 0.5944259467424902 0.7747056201577881 0.5988014921519905 0.7427263253130448 0.6018805796623796 0.7409977147808965
0 0.6639742381379762 0.8675218961481456 0.7453996503020567 0.8258727184642183 0.7556849655227826 0.8903781521942032 0.7045440926197286 0.9239006610617546 0.6756880693615808 0.9360906642863186
0 0.6485270553363941 0.6615792480648128 0.6760392273741088 0.8025187960474919 0.7131444593986582 0.7793506511736268 0.6999313767752822 0.6992274834848435 0.6854512862291166 0.6358368648716295
0 0.7030083960163424 0.5985104092415136 0.740475630304546 0.5914312538633881 0.7493446857640724 0.7404152965939369 0.7086194311029815 0.7462073328124031 0.7039134016754777 0.686034512098337
1 0.6802022534061314 0.5319019927291515 0.6914243235794099 0.5895005751238994 0.6812882601970939 0.6023717667204911 0.6823742669880563 0.6084855827288721 0.6972163597978761 0.5994757486112579 0.7375796121953129 0.5682631089895231 0.7258145386265532 0.5010111328973315
0 0.6999313767752822 0.3800219318893696 0.6845462805699811 0.42989779932616246 0.6849082828336353 0.44244721113283936 0.6955873496114324 0.4559619623092606 0.7573087355644635 0.5084120680653718 0.7745038430880353 0.4588579804184937
1 0.6769442330332442 0.2883146917636538 0.6825552681198833 0.3536359891163567 0.7144114673214478 0.3436608156289981 0.7174884865625081 0.3369034400407875 0.7245475307037637 0.3433390358390833 0.766358792155817 0.3301460644525768 0.7591187468827343 0.257102052141919 0.7270815465493428 0.2619287489906409
0 0.707352423180192 0.10811800941137019 0.7035513994118235 0.18856295689006825 0.6995693745116279 0.23007254978907646 0.7006553813025904 0.25195357550328235 0.702465392620861 0.2590327308814077 0.7444576552047415 0.25742383193183377 0.745724663127531 0.1077962296214554
0 0.6391299992076307 0.14164913232587417 0.6372074824987841 0.16481427192876513 0.6461792271400678 0.2043089361697595 0.655364584749001 0.28709582852107474 0.6871929169287927 0.2802602135562872 0.6741625259021665 0.1279779023962992 0.642761419657674 0.13595278652188458
1 0.5891313370274228 0.19274049915094696 0.6036209677124144 0.3421446911028602 0.6406121425199811 0.3294165449325147 0.6390779463298055 0.3082029679819388 0.6327706953257504 0.31214263227276 0.6257815793482838 0.31274873447134793 0.619133395857523 0.30971822347840844 0.6157240709904662 0.29729312840735683 0.6152126722604075 0.2882015954285386 0.618110598397406 0.27547344925819306 0.6239064506714026 0.27153378496737185 0.6305546341621634 0.2700185294709021 0.6279976405118709 0.1815276084770711
0 0.6389676650908906 0.3341196745011024 0.6257501418402148 0.4084757870345847 0.6210425308194263 0.4409864682721679 0.6170591676479896 0.47735980470629563 0.654901117776637 0.4931323134255191 0.6740936857844676 0.34731707975596293
1 0.563754027225908 0.42011107269740683 0.5721659414204918 0.46719009864240296 0.5780854365944582 0.4813138064259018 0.5794874222935555 0.5059610611853409 0.5810451841814415 0.5128844473537227 0.5829144984469045 0.5184231562884282 0.5847838127123677 0.5228541234361925 0.5836933793908475 0.5267312196904864 0.5891455459984482 0.564117504999748 0.6251298456086124 0.5461167009619553 0.6156274980925084 0.47494429115099057 0.6012960887239581 0.3976793015118498
1 0.4818048515171232 0.5010052683187367 0.5038763586815949 0.550770834608277 0.5757433393268864 0.4775580303553956 0.5552868204915224 0.4316205845496662 0.5402135960865174 0.4411908857591932 0.5388677724789278 0.45076118696872014 0.5173345947574921 0.46798772914586867 0.4995697231373077 0.4813861508392064
0 0.4688360058439858 0.32669528219794325 0.49722064920406006 0.4698147866495056 0.5341696246124327 0.44980415684776737 0.5395529190427916 0.4428439377862933 0.5368612718276122 0.41891818476247583 0.5050508956482186 0.30755467977888934
0 0.5066639372433454 0.06811368436102383 0.5184646264684344 0.07014701197581594 0.5313099943467887 0.08338764201771659 0.5575230713677433 0.10046009683264155 0.5824632940408805 0.11802885916587628 0.5735654998898447 0.18170765947186454 0.5174409521679267 0.15412703258774224 0.5165283578960256 0.12897999042868957 0.511052792264619 0.10302175336128033 0.5096839008567673 0.10058816863621073 0.5087713065848662 0.07909150356476247 0.5007861067057315 0.07828030865640592
1 0.4302643411422931 0.15762458234289936 0.514576569811137 0.12909743400476725 0.5172963191230351 0.17889906584930293 0.47160453068314556 0.20452514825474363 0.46262935795388155 0.20549217023230743 0.4618134331603121 0.20114057133327035 0.45854973398603427 0.20307461528839793 0.45827775905484447 0.20790972517621692 0.4376076642844182 0.2151623900079454 0.4340719901789506 0.20984376913134453
1 0.4280982114772277 0.2587916078323 0.511353603295087 0.22606737899967738 0.5197973550007522 0.29571894862507603 0.48990647396269726 0.3089287290712723 0.4601844679587556 0.3191362866887876 0.4606910930610955 0.31463295244576617 0.4606910930610955 0.30832828450553607 0.46001559292464234 0.30322450569677845 0.4568069672764895 0.2951185040593398 0.45528709196946976 0.2918160589477907 0.45140296618486375 0.2894142806848459 0.44346583958153846 0.29241650351352694 0.4385684635922526 0.2954187263422079 0.43721746331934613 0.30142317199956986 0.43704858828523285 0.3128316187485575 0.4385684635922526 0.32454028778041333 0.43620421311466634 0.3227389540832048 0.4350220878758732 0.32033717582026
1 0.38243849535687097 0.789885707607567 0.3955924308659608 0.8240967662155703 0.40168221582387276 0.8310255882121278 0.41386178573969673 0.821498457966861 0.42993881802858425 0.7907518103571368 0.4577082374366628 0.7530763407508547 0.4577082374366628 0.7483127756282214 0.4655031621827901 0.7374864912586002 0.4465030331141048 0.6837881207852787 0.3877975061198335 0.7517771866265003 0.39315651688279607 0.775595012239667 0.3921821512895301 0.7829568856110094
1 0.4569352371889311 0.5217850560990315 0.44805571839902014 0.5883414491909765 0.5310912184344037 0.6220462892824103 0.5385308152583831 0.5606096187359995 0.529891283462794 0.5563431832813877 0.5253315305706776 0.5601829751905383 0.5217317256558488 0.5563431832813877 0.5169319857694105 0.5614629058269218 0.524131595599068 0.5763954299180634 0.5246115695877118 0.5840750137363647 0.5222116996444927 0.5883414491909765 0.5195718427069516 0.5874881621000543 0.5102123499283968 0.5678625590088396 0.5049326360533146 0.5751154992816798 0.4847737285302735 0.536717580190173 0.4787740536722256 0.534584362462867 0.4790140406665475 0.5277580657354881 0.47517424875739683 0.518371907735342 0.4612550030867256 0.5149587593716526
1 0.5998190253999066 0.5617717564409512 0.6250987544397494 0.5491744503874268 0.6264393461312562 0.5474721117315452 0.6266308592300429 0.5447483698821345 0.6643589396910204 0.5301082574415522 0.6750836732230749 0.5978613359456426 0.6203109269700823 0.6315676413320997 0.6203109269700823 0.6271415608268074 0.6218430317603757 0.6230559480526914 0.622226057957949 0.6131823838485777 0.6201194138712955 0.6036492873756404 0.6168636911919219 0.5978613359456426 0.6113098113271078 0.5947971263650557 0.6072880362525874 0.5961589972897611 0.6044153397707871 0.5988827391391717
1 0.42855051335979816 0.2355440599355335 0.4080158012613079 0.25109885634637064 0.390695218013016 0.18887967070302217 0.397123475713413 0.17808654666284945 0.4251578217956998 0.14951651243886294 0.43176464220999666 0.21046591878336757 0.43515733377409505 0.21967181869998545 0.44622822203588985 0.21840203940114158 0.44515684575249037 0.2241160462459389 0.43480020834629524 0.22951260826602524 0.43408595749069556 0.22348115659651696 0.43283601849339615 0.21776714975171965 0.4306932659265972 0.21300547738105524 0.4283719506458983 0.21173569808221138 0.4256935099373995 0.21554503597874294 0.42694344893469893 0.22348115659651696
