1 0.422440433163504 0.8903626401049674 0.4407866899901197 0.8713015940513407 0.4391188484604274 0.8873975884966254 0.4419780053684714 0.8916333765085426 0.45222331762229584 0.8945984281168845 0.45555900068168054 0.8920569553097343 0.4572268422113729 0.8734194880572992 0.4548442114546695 0.8670658060394235 0.45555900068168054 0.8615592816239314 0.4577033683627135 0.8619828604251231 0.4829592543837691 0.9259432594050707 0.49796982815100016 0.9560173542896818 0.5034498788914179 0.9750784003433087 0.5015437742860552 0.9835499763671428 0.4886775681998571 0.9979516556076609 0.4610390514220982 0.9975280768064693
1 0.3728817134240743 0.914083052971703 0.37311997649974465 0.9814320823611844 0.423155222390515 0.9827028187647594 0.4176751716500972 0.966183245518283 0.4183899608771082 0.9606767211027908 0.4336387977200097 0.9437335690551225 0.4307796408119657 0.9378034658384385 0.4250613269958777 0.9242489442003039 0.41314817321236086 0.9382270446396302 0.4083829116989542 0.9378034658384385 0.4007584932775035 0.91831884098362 0.41028901630431686 0.906882213351444
1 0.48796277897284607 0.9119651589657445 0.5091681927075059 0.9106944225621694 0.5241787664747369 0.9106944225621694 0.5301353433664954 0.9047643193454855 0.542048497150012 0.9064586345502523 0.5458607063607376 0.9132358953693196 0.5465754955877485 0.9852442915719096 0.5025940124705339 0.9863199590747272 0.505202365928029 0.9739915858405989
0 0.5648962745825937 0.8125102919391536 0.5594374302097529 0.8637104874361432 0.5556727099526213 0.9594180424174437 0.5952022726525029 0.9694572964364612 0.606308197411041 0.8212109787556354
0 0.6394877742165094 0.8101667750569151 0.6243206620867191 0.9581538949589523 0.6610039100285376 0.970068112239201 0.6745837662377685 0.8775761623004278 0.6784637251546916 0.8236486525056177
0 0.6675292954797265 0.743384451880784 0.651833098043083 0.8104803070906058 0.6183243619423834 0.7916683850691605 0.5731757490909145 0.7524768808578159 0.5881664994517538 0.6872622178501385
1 0.6185007237113344 0.5703147692834862 0.6871054518332932 0.6534007582115369 0.6629438894869992 0.7095229922421822 0.6149734883323135 0.6574766746495166 0.5945155231339915 0.6242422790782964 0.5968082261303552 0.617031042303409 0.5987482055888168 0.6211069587413889 0.6075662940363693 0.6217340228087703 0.6112698911843414 0.6167175102697182 0.6119753382601456 0.5994732484167267 0.6105644441085372 0.5935161397766022 0.6140916794875582 0.5850507748669519 0.6185007237113344 0.5831695826648073
0 0.7039077979912989 0.5545420964642516 0.7029898170340853 0.5848966667827774 0.7057437599057258 0.6273277865828674 0.709232087543137 0.7043565886814921 0.7490724610862022 0.7069677345153438 0.747970883937546 0.5538893100057888
0 0.7568643951717833 0.3644161902678956 0.7419373473781176 0.41524757680782776 0.7246976583769825 0.48289817212935504 0.7513981523177649 0.522890513010037 0.789241372076354 0.40814613310004316
1 0.4949352289857452 0.7792878469330767 0.4940200945099626 0.8126394144949308 0.4946301841604843 0.8950693050543098 0.5319981752549396 0.9023903808605704 0.5385566389980482 0.7866089227393375 0.5257447563370921 0.7822705074467385 0.5228468304971139 0.7925742437666609
1 0.501491125065397 0.6256513894237175 0.4923677335028968 0.6839732233321114 0.49608722535183275 0.6885192689252553 0.4981794395168592 0.7100096662746631 0.48864824165396087 0.7166220962283271 0.48004691675329647 0.7653887671365983 0.5197989858887995 0.7860526107417982 0.5416510005012982 0.6418189823775039 0.5119583651507563 0.6270535473212194 0.5029419538181948 0.6285443275284455
0 0.41407333922621825 0.5942661041128933 0.420042530004138 0.5881223755929291 0.4549151708646162 0.5741593562293743 0.4721944073270153 0.7176991952867179 0.4373217664665371 0.7338962977484415 0.4219275376182179 0.6584959931852455 0.4137591712905383 0.6199580597418342
1 0.38045737010846004 0.7595882533773823 0.37448817933054035 0.8232596216751924 0.46025602577117586 0.8461589734314223 0.46465437687069566 0.7824876051336123 0.4238125452322978 0.7618223364755512 0.4159583468402982 0.7595882533773823 0.4137591712905383 0.7629393780246355 0.4068474767055787 0.7623808572500934 0.4024491256060589 0.7618223364755512 0.3989932783135791 0.7573541702792136 0.3958515989567793 0.7506519209847073 0.38391321740093987 0.7506519209847073
1 0.45114515563645635 0.2658558886820838 0.4404634458233369 0.301042697478242 0.42695422458909765 0.3490754840888706 0.4169008506473382 0.40660312386671643 0.4495743159580564 0.43117803794657295 0.4872744682396544 0.2965745312819045
0 0.5064387123161335 0.23792984995497418 0.49198698727485424 0.31277163374362804 0.48224778126877477 0.35410217105975034 0.47942026984765485 0.37476743971781146 0.4844469568185346 0.3864963759831975 0.5177487580006128 0.3976667914740414 0.5413113531766116 0.25133434854398684
0 0.5789393418923537 0.2887782435137216 0.5581249919429251 0.4398432163425641 0.5935308449496851 0.45548378171120685 0.6106973191347808 0.3723217512145208 0.6182076515907602 0.31014096694406296
0 0.4748675921452108 0.11940236488744368 0.4630656411429575 0.1899756476483928 0.5452501363041033 0.23193814010084907 0.5546916971059059 0.16784996980982497 0.511560930715853 0.13695031627665266 0.49181948540299286 0.12092827370389664 0.47787172512760256 0.11406168402985833
0 0.370880615110093 0.20041943645455468 0.3914850937273204 0.14913717856278874 0.46095162163682984 0.2391427740462963 0.43681494668522064 0.2993209338172461 0.41061782387188867 0.2637373263005106
0 0.3043818301490165 0.11044061120334198 0.3003609341100599 0.1708434050330015 0.384799750928149 0.1647673843519115 0.38560393013594035 0.16155066752074618 0.3876143781554186 0.1093683722596202 0.34157511850936534 0.1097257852408608
1 0.3289092959866519 0.18799922813254977 0.3220737727204257 0.3406145711222812 0.3500190001911742 0.34383128795344653 0.3536378066262352 0.3377552672723565 0.3576587026651918 0.3373978542911159 0.36047332989246145 0.33989974515980004 0.3661025843470007 0.25876699841818634 0.369319301178166 0.19407524881363977
0 0.30231181329933143 0.35035297173460195 0.2988369648706035 0.415216809070857 0.3799994960273205 0.4178643126356021 0.3819851237008794 0.34682296698160847 0.36063962621012197 0.34594046579336013 0.33259263532110356 0.34505796460511173
0 0.3951399070382066 0.5034669278956938 0.37329800262905954 0.5542107462199749 0.34549921519923593 0.6230458389033475 0.37404261300664404 0.6658471465333934 0.4281500730893125 0.5480348272743424 0.42542072905997874 0.5409732283962493
1 0.43323379489524994 0.47753033120750565 0.4941618742314312 0.455137960169422 0.49445479768977824 0.46347000520684845 0.49445479768977824 0.5296056126914213 0.4461224270625191 0.54887346684047
0 0.5363428522334028 0.4962774325417153 0.5331206941915855 0.5665790625450012 0.6168968032788347 0.5795978829159801 0.6177755736538758 0.5259603429875471 0.620704808237346 0.5077339944681767 0.6157251094454466 0.49888119661591107 0.6043010945699125 0.49575667972687615 0.5878973809024792 0.5004434550604285
1 0.3283179611447309 0.6384901526217905 0.3208638897874717 0.7077603106892489 0.39540460336006283 0.7288425327097798 0.39947046046402235 0.7228190407039138 0.40692453182128147 0.7204096439015674 0.4116680317759009 0.6655958666481873 0.3845623177495041 0.6529465334358688 0.3845623177495041 0.6565606286393884 0.39709871048671264 0.6752334538575728 0.39608224621072274 0.682461644264612 0.39167756768143325 0.6836663426657851 0.3791411749442248 0.667402914249947 0.37609178211625516 0.6716193586540532 0.35847306799909723 0.6499347874329358 0.343903746709909 0.6306596130141648 0.3306897111220406 0.6282502162118184
1 0.5577000660931135 0.6071679941912875 0.5465189590572249 0.6481277398311761 0.5604106374957532 0.6559582794388017 0.5624435660477329 0.6625841206452543 0.5607494589210832 0.6661982158487739 0.5431307448039252 0.6595723746423213 0.536693137722656 0.7041462154857293 0.5495683518851944 0.7101697074915952 0.5549894946904739 0.7155908502968746 0.5519401018625042 0.7222166915033271 0.5360154948719961 0.7155908502968746 0.5299167092160568 0.7396848183203385 0.5563447803917936 0.7613693895414559 0.5892104586487997 0.660174723842908 0.5919210300514395 0.6583676762411482 0.5976809942820488 0.6354784066188576 0.5749799587849415 0.6089750417930474 0.5726082088076317 0.6156008829994999 0.5600718160704231 0.6119867877959804
0 0.6555485910228147 0.42899114756991497 0.6324066317761814 0.5041674515468574 0.619362982018988 0.5554070219192012 0.6189422191235946 0.5643832970209256 0.6570212611566913 0.5943042140266739 0.6902615298927649 0.45330189263708537
0 0.6395131989714051 0.3606829665154901 0.6737586131130868 0.30865117448626833 0.6898858139588788 0.27856476412923525 0.7026061712789479 0.266254899499495 0.7085792086292412 0.2686146179588701 0.7295954511580511 0.32446128816408176 0.6592463445879297 0.4153104488500246
1 0.6145591762635131 0.36457650197345914 0.6685377360217193 0.4275023275567962 0.6676528415994537 0.43222176447554644 0.6559279905044335 0.4216030314083583 0.634026853553358 0.47823627443336164 0.5986310766627307 0.4349747693448175
1 0.6634495930936917 0.5800974545963886 0.6773866802443761 0.5942557653526394 0.7253922026522891 0.47037054623544455 0.6924298854228926 0.43222176447554644 0.6829172703835366 0.444413643182318 0.6970755811397874 0.455425662659402 0.6935360034507246 0.4680108277760694 0.7085792086292412 0.4813825657125286 0.7081367614181084 0.4868885754510705 0.7052608545457449 0.49003486673023744 0.689996425761662 0.47941613366304925 0.6813687051445716 0.5179582018328432 0.6941996742674239 0.5309366533594065 0.6950845686896897 0.5376225223276361 0.6930935562395919 0.5411621000166988 0.678935245483341 0.53250979899899 0.6738471025553134 0.5454882505255532
1 0.6875629661004314 0.38856697297710635 0.702163724067815 0.4404807790833594 0.7375595009584421 0.42592918191721274 0.7428688674920363 0.40783800706200335 0.7362321593250436 0.3751952350406472 0.7333562524526802 0.38070124477918926 0.7205252833298279 0.3547443417260627 0.7163220348240659 0.3527779096765834 0.7041547365179128 0.37047579812189696 0.7130036807405696 0.4039051429630448 0.7023849476733816 0.4164903080797122 0.6948633450841232 0.40036556527398204 0.6893327549449627 0.38581396810783536
0 0.7346835940860788 0.12073892783802799 0.7194191653019958 0.2650750402698074 0.7512753645035601 0.27372734128751625 0.7636638864152797 0.19035062238959463 0.7687520293433073 0.12742479680625757
1 0.6510610711819722 0.13843681628334156 0.6466365990706439 0.2886722248635588 0.6738471025553134 0.2914252297328298 0.6893327549449627 0.27648034615678724 0.6895539785505292 0.26350189463022394 0.687341742494865 0.1435495396119877
0 0.5886075373765234 0.10582540040212836 0.584444824948118 0.25605306670724765 0.6227417792894477 0.2530929156470483 0.6269044917178531 0.1716887614915649 0.6269044917178531 0.1036052871069788
1 0.3398691498514167 0.6235193425845539 0.3270921141427168 0.6172727917936339 0.3342791967288605 0.5343640267505148 0.3350028343993995 0.4939051663527606 0.3389463639391217 0.4725224728484892 0.3399322463240522 0.46971818517579783 0.3807477770601768 0.4830385516210817 0.37581836513552414 0.5296598341795751 0.3714804826418297 0.5328146578113527 0.36852283548703807 0.5412275208294268 0.36812848253306585 0.5468360961748095 0.34229836404788555 0.6151906081966607
