0 0.3127359287882326 0.41817504970074776 0.3131196538542304 0.49730768553318944 0.3165731794482109 0.5696185424145587 0.35686431137798313 0.5648432971488078 0.3484223599260309 0.41271762653988975
0 0.37413193934788563 0.45978790130229036 0.36338763749994635 0.5273235129179087 0.4109695456836774 0.5580215181977352 0.44435362642548876 0.5730294318900948 0.4562491034714215 0.5034472865891548
0 0.3645388126979398 0.23535137381200322 0.357248036443981 0.30698005279826507 0.3465037345960417 0.3779265538894197 0.31081730345824343 0.37519784230899067 0.32616630609815667 0.22716523907071617
0 0.3737482142818877 0.13779993481166566 0.32501513090016315 0.05662076529390223 0.2993055514783085 0.10573757374162464 0.34573628446404603 0.1930563443153534
0 0.34765490979403524 0.1944207001055679 0.4151905214096535 0.2912899612107982 0.4416675509635039 0.23125830644135972 0.43245814937955596 0.20601772432239124 0.3887134918558032 0.16031180535020512 0.3733644892158899 0.14121082428720194
0 0.439697517802557 0.20387979893758887 0.45471420320743017 0.2189791043294291 0.48349358315726754 0.22238999380496538 0.5237847150870398 0.22989395065114518 0.5318429414729943 0.16099398324531236 0.4482413680833319 0.12884023047579074
0 0.5525348902062728 0.1430635057433378 0.5520558829325786 0.21076320042545302 0.6373191776501482 0.21204055315530423 0.6375586812869953 0.14093458452691907 0.5999566103019998 0.13795409482393287
0 0.6382771921975366 0.1371025263373654 0.638995703108078 0.21118898466873676 0.6804298322826272 0.21331790588515548 0.7213849541834824 0.20352486828962937 0.7216244578203295 0.13667674209408165
0 0.4913456716906025 0.44064548268505077 0.4895204648864026 0.5191699354168493 0.5048522020416815 0.5237126723517467 0.5745751019621161 0.5159251233204939 0.5778604742096758 0.4490819941355746
0 0.6227605615929924 0.45816746800536945 0.6081589071593936 0.5289043717059151 0.6851826342966276 0.5821192900861422 0.6986891646477067 0.5159251233204939 0.6391874228307911 0.45816746800536945 0.6260459338405522 0.453624731070472
0 0.6877379238225074 0.4017077375287871 0.6767866829973083 0.46855086671370644 0.6194751893454327 0.44778406929703246 0.5950174181691545 0.43220897123452695 0.6048735349118338 0.3608231051147102
1 0.5592433648068373 0.31150196125010954 0.549752289424998 0.43026208397671384 0.5598053366202524 0.4332763452300742 0.5608428216141519 0.40272387677889393 0.5749401433229562 0.40430358720587134 0.5764003087663159 0.41144217381785303 0.5749401433229562 0.4354537833308823 0.575305184683796 0.44259236994286394 0.5793206396530357 0.44194340752359296 0.5793206396530357 0.46400812977880895 0.5866214668698352 0.4672529418751643 0.5931922113649547 0.3997608502709739 0.5968426249733544 0.31864054786209123 0.5592433648068373 0.3069592243152121
1 0.5273643247269535 0.532366425367995 0.4568213072044075 0.5870322395165206 0.4733014423521248 0.6470574472090195 0.537011233106105 0.6127573285275917 0.5494718230958425 0.5998947840220562 0.5502757321274385 0.5906051685458361 0.5364083013324081 0.5345101827855844
0 0.7071537129492308 0.29806268195963365 0.7075262913016803 0.37887078684646763 0.7082714480065794 0.4212619238362822 0.7093891830639281 0.4477563844549163 0.7537260070054236 0.4451069383930529 0.7455292832515337 0.2934261513513726
0 0.7045456644820839 0.5676438187542355 0.6773474447532675 0.6140091248368453 0.7157230150555702 0.7133633521567232 0.7261552089241575 0.7285976670124378 0.7604324173495153 0.6842194454762256
0 0.7269003656290565 0.7372083667134939 0.7261552089241575 0.7637028273321279 0.690760265441451 0.871667754353062 0.6568556353685425 0.8464980167653594 0.6892699520316528 0.7080644600329963
0 0.7649033575789097 0.7405201742908231 0.7332341976206986 0.8021197952291473 0.7209391119898638 0.8299389788787132 0.7123698098835244 0.8451732937344278 0.7123698098835244 0.8564334394973473 0.7336067759731483 0.8968374919407643 0.7853951669636346 0.7776124191569108
1 0.6870344819169555 0.9392286289305789 0.7049182428345335 0.9723467047038715 0.7783161782670933 0.9398909904460446 0.7704920328656529 0.9153836143738081 0.7652759359313593 0.9061105531572862 0.7585695255872675 0.9220072295284667 0.7563340554725703 0.9226695910439326 0.7432938131368363 0.9047858301263545 0.7026827727198363 0.9233319525593984 0.690760265441451 0.9306179292295228
1 0.5860657484031296 0.8650441391984034 0.5722803493624966 0.9180330604356716 0.6523846951391481 0.9802950428894618 0.6661700941797811 0.9094223607346155 0.6333831991642215 0.8835902616314472 0.6061849794354048 0.8676935852602667
0 0.5427719199095883 0.7872696600052432 0.5427719199095883 0.8245928107640252 0.5984767224170705 0.8454937751889432 0.6110732857981594 0.8539536893609339 0.6228300782871758 0.8544513313710509 0.628708474531684 0.8479819852395287 0.6298281690544474 0.7788097458332526 0.5629264213193306 0.7648757695499739
1 0.5853203117745999 0.5837340778673515 0.568244970302457 0.7076469383865082 0.5744032901776561 0.7220785566799038 0.5836407699904547 0.7096375064269764 0.5867199299280542 0.707149296376391 0.5925983261725623 0.7056563703460397 0.5987566460477614 0.7111304324573278 0.6018358059853609 0.7210832726596696 0.6007161114625975 0.7315337548721287 0.5956774861101619 0.7394960270340022 0.5909187843884172 0.7454677311554073 0.605754736815033 0.7459653731655244 0.6127528275823048 0.7240691247203722 0.612192980320923 0.6852530479312389 0.622550154656485 0.601649190231567
1 0.5349379985747704 0.8986720517717127 0.5067193501733728 0.9181331886002628 0.4782574375616183 0.7749857154835944 0.5130442196426516 0.7520648209966355 0.5174229754290753 0.76936360928868 0.5057462933319453 0.7793104125566056 0.5047732364905178 0.7845000490442189 0.5096385206976554 0.7992040190924568 0.5130442196426516 0.8026637767508656 0.5225315238465698 0.7944468523121445 0.5344514701540567 0.8506679142612892 0.5332351491022723 0.8701290510898393 0.532018828050488 0.876616096699356 0.5312890354194173 0.8813732634796683 0.531775563840131 0.8874278393818839 0.5334784133126291 0.8934824152840994
0 0.4921234975519602 0.6538941974392828 0.5252074301604954 0.6253511967574094 0.5322620922608449 0.6257836664647105 0.5395600185715511 0.6413525759275506 0.5471012090926143 0.681572258706554 0.5663190817108075 0.7507674118747322 0.5376139048886961 0.7784454731420033 0.5366408480472685 0.7784454731420033
1 0.46949992598877077 0.6845995466576619 0.42887480285917245 0.734766032704591 0.4400649565355888 0.74990247246013 0.43982169232523194 0.75768692719155 0.42692868917631743 0.8238547924086203 0.4296045954902431 0.8273145500670291 0.4899341196587484 0.7421180177287099
1 0.3555477990120833 0.38994513307515044 0.3670407471232029 0.3229980310756263 0.44235623687266756 0.31908553810162815 0.4430898293052922 0.38733680442581836 0.39687350604993893 0.3964659546984807 0.3746212022603243 0.40689926929580916 0.3601938844187061 0.40385621920492176
0 0.4310471611991824 0.7411201072785565 0.41792947522233576 0.729926348578314 0.3604740106437472 0.7005427319901774 0.3426339577152357 0.7579107453289202 0.4124200471120601 0.8096818793175419
1 0.4271118554061284 0.8465280017058401 0.4192412438200204 0.8539905075060018 0.40035177601336114 0.8959671026319113 0.46200490010454065 0.9967109309340938 0.48981439437545565 0.9444733903329622
1 0.34971750814273295 0.8166779785051934 0.3402727742394033 0.9691929407959976 0.38041289332855416 0.9761890399836493 0.3867093825974406 0.9701257540210179 0.3898576272318838 0.9477382366205328 0.38775879747558833 0.9099593010072144 0.3872340900365145 0.824140484305355 0.3793634784504064 0.8222748578553146 0.3751658189378155 0.8330022099430471 0.37194790583725695 0.8328471125334943 0.3649340238758751 0.8255397041428854 0.3649340238758751 0.8185436049552338
1 0.2965005967487608 0.6628834890275326 0.29200816346468866 0.7272195706265903 0.33892913332055313 0.7476296378924983 0.34466946473908977 0.7467422436635457 0.35240643317276954 0.7241136908252563 0.3554013886954843 0.6726448255460102
1 0.4869284766766309 0.47261907559881217 0.46822404526776784 0.4873373167074257 0.45043950392819315 0.42900947231403136 0.5258704896098375 0.35487314672990394 0.537829060510586 0.3984827500146848 0.5304699399562792 0.3990278700557445 0.5277102697484142 0.4322801925603899 0.5071660582009745 0.42900947231403136 0.5083925782933589 0.39630226985044575 0.5065527981547823 0.39521202976832626 0.49459422725403374 0.39630226985044575 0.49244781709236096 0.4012083502199836 0.49122129699997646 0.43337043264250946 0.4885997376190477 0.43903964379329113 0.4875357652893667 0.4724562562217896
0 0.7356940345858968 0.12899720804061934 0.7757870227629282 0.13380727342518484 0.771851514721011 0.20333458216572203 0.766194221910755 0.285105693703335 0.7297907725230209 0.282044743004066
