0 0.31927083333333334 0.4722222222222222 0.3109375 0.5435185185185185 0.30833333333333335 0.6111111111111112 0.3109375 0.6203703703703703 0.3492929131920666 0.6298278991755455 0.35 0.6064814814814815 0.35625 0.48055555555555557
0 0.3333333333333333 0.6351851851851852 0.3302083333333333 0.7814814814814814 0.3338541666666667 0.787962962962963 0.3703125 0.7861111111111111 0.3734375 0.7388888888888889 0.3703125 0.6416666666666667 0.3619791666666667 0.6351851851851852
0 0.3380208333333333 0.8111111111111111 0.3098958333333333 0.8185185185185185 0.31302083333333336 0.9546296296296296 0.3171875 0.9685185185185186 0.34739583333333335 0.9629629629629629 0.35260416666666666 0.950925925925926 0.34791666666666665 0.9212962962962963 0.346875 0.8333333333333334 0.34375 0.8166666666666667
0 0.42083333333333334 0.7564814814814815 0.3776041666666667 0.8777777777777778 0.37916666666666665 0.8870370370370371 0.4078125 0.9194444444444444 0.41875 0.9055555555555556 0.4510416666666667 0.7962962962962963
0 0.35625 0.9407407407407408 0.359375 0.9972222222222222 0.4427083333333333 0.9962962962962963 0.4401041666666667 0.9351851851851852 0.3859375 0.9342592592592592
1 0.46354166666666674 0.9198578400209285 0.45579441174907226 0.9836475941368593 0.4822916666666667 0.9990740740740741 0.5401041666666667 0.9972222222222222 0.5458333333333333 0.9675925925925926 0.5482512465253999 0.9512233302448
1 0.5042337644103733 0.7851964953450905 0.48059330204236267 0.8451625462298005 0.5226848569902841 0.9102539006089301 0.5313338066371173 0.9281924628393988 0.5356582814605338 0.9363929484304703 0.5379646680330227 0.9307551145866086 0.5420008445348781 0.9123040220066979 0.5437306344642447 0.9071787185122783 0.5466136176798558 0.9087163095606041 0.5474785126445391 0.9143541434044657 0.5448838277504892 0.9363929484304703 0.5477668109661002 0.9358804180810283 0.5705423783694276 0.8795020796424121
0 0.5020833333333333 0.6398148148148148 0.48854166666666665 0.6435185185185185 0.4817708333333333 0.6620370370370371 0.4661458333333333 0.6685185185185185 0.4296875 0.7074074074074074 0.44427083333333334 0.7675925925925926 0.5203125 0.7046296296296296
0 0.409375 0.48703703703703705 0.3697916666666667 0.5092592592592593 0.384375 0.6037037037037037 0.3963541666666667 0.6481481481481481 0.4328125 0.6277777777777778
0 0.4973958333333333 0.47314814814814815 0.4640625 0.48703703703703705 0.4578125 0.4962962962962963 0.46770833333333334 0.5712962962962963 0.4817708333333333 0.6324074074074074 0.5182291666666666 0.6148148148148148
0 0.5760416666666667 0.4824074074074074 0.54375 0.49444444444444446 0.5380208333333333 0.5037037037037037 0.5421875 0.5509259259259259 0.5625 0.6398148148148148 0.5822916666666667 0.6351851851851852 0.5963541666666666 0.6222222222222222 0.5880208333333333 0.5444444444444444
0 0.5942708333333333 0.8638888888888889 0.5942708333333333 0.8648148148148148 0.5953125 0.8648148148148148 0.5953125 0.8638888888888889
0 0.5666666666666667 0.6703703703703704 0.5333333333333333 0.700925925925926 0.5703125 0.8287037037037037 0.575 0.8314814814814815 0.6041666666666666 0.8046296296296296 0.6111605532391555 0.7891862932077628 0.5942708333333333 0.7555555555555555 0.5885416666666666 0.7268518518518519
0 0.646875 0.9037037037037037 0.6192708333333333 0.8962962962962963 0.5671875 0.9027777777777778 0.5625 0.9138888888888889 0.5625 0.9685185185185186 0.6442708333333333 0.9740740740740741
0 0.6524877413171317 0.9294396937280475 0.6656604413437227 0.9970920790497979 0.6797113213720861 0.9955308701577573 0.7081058080960708 0.9809595871653803 0.7458675481722978 0.9471333945045052 0.7309384881421616 0.8805218151107816
0 0.6947916666666667 0.7 0.6791666666666667 0.7592592592592593 0.7515625 0.8240740740740741 0.7697916666666667 0.7657407407407407 0.7036458333333333 0.6990740740740741
0 0.6265625 0.7509259259259259 0.6151041666666667 0.7787037037037037 0.6088541666666667 0.8092592592592592 0.6432291666666666 0.8601851851851852 0.6536458333333334 0.862037037037037 0.6598958333333333 0.8861111111111111 0.6744791666666666 0.8935185185185185 0.696875 0.8351851851851851
0 0.6255208333333333 0.5935185185185186 0.6135416666666667 0.6564814814814814 0.6709929466743484 0.7148619259521884 0.6847588466832121 0.726959845944835 0.6885416666666667 0.7138888888888889 0.703125 0.65
0 0.7390625 0.4740740740740741 0.7015625 0.48333333333333334 0.7130208333333333 0.6305555555555555 0.7489583333333333 0.6222222222222222 0.7546875 0.6148148148148148 0.7546875 0.5972222222222222 0.7473958333333334 0.5694444444444444 0.7494791666666667 0.5518518518518518 0.7447916666666666 0.4962962962962963
0 0.6114583333333333 0.4648148148148148 0.5994791666666667 0.5185185185185185 0.6026041666666667 0.5296296296296297 0.6770833333333334 0.5805555555555556 0.6895833333333333 0.5120370370370371 0.6182291666666667 0.462037037037037
0 0.7526041666666666 0.35 0.6734375 0.36203703703703705 0.6697916666666667 0.39444444444444443 0.6734375 0.4361111111111111 0.7578125 0.4148148148148148
0 0.7265625 0.12962962962962962 0.696875 0.15 0.6890625 0.16203703703703703 0.6911458333333333 0.18055555555555555 0.7010416666666667 0.20555555555555555 0.703125 0.23425925925925925 0.7234375 0.2898148148148148 0.7567708333333333 0.2675925925925926 0.7505208333333333 0.22592592592592592
0 0.675 0.09722222222222222 0.63125 0.12037037037037036 0.5966165199952728 0.14814814814814814 0.608462573335697 0.21191527112581815 0.6307291666666667 0.19907407407407407 0.6838541666666667 0.16296296296296298 0.6859375 0.1527777777777778
0 0.6927083333333334 0.21481481481481482 0.6885416666666667 0.2101851851851852 0.610717139981682 0.24797238519043768 0.621875 0.3138888888888889 0.65 0.3074074074074074 0.6994791666666667 0.2824074074074074 0.7015625 0.2740740740740741
0 0.5255208333333333 0.1962962962962963 0.5119791666666667 0.2611111111111111 0.546875 0.2962962962962963 0.5713541666666667 0.30833333333333335 0.5744791666666667 0.32222222222222224 0.584375 0.32592592592592595 0.5911458333333334 0.31203703703703706 0.6020833333333333 0.25462962962962965
0 0.5286458333333334 0.12129629629629629 0.44635416666666666 0.13148148148148148 0.4484375 0.2037037037037037 0.4791666666666667 0.20555555555555555 0.5291666666666667 0.19074074074074074 0.5317708333333333 0.16574074074074074
0 0.3578125 0.10185185185185185 0.3541666666666667 0.14814814814814814 0.36041666666666666 0.15833333333333333 0.4401041666666667 0.1648148148148148 0.4427083333333333 0.10555555555555556 0.4395833333333333 0.1 0.37135416666666665 0.0962962962962963
0 0.42083333333333334 0.18055555555555555 0.39947916666666666 0.21296296296296297 0.36770833333333336 0.29444444444444445 0.3953125 0.33611111111111114 0.40520833333333334 0.325 0.4453125 0.22592592592592592 0.44583333333333336 0.2175925925925926
0 0.4427083333333333 0.2601851851851852 0.4203125 0.31574074074074077 0.45416666666666666 0.37962962962962965 0.48072916666666665 0.4101851851851852 0.5046875 0.36944444444444446 0.5052083333333334 0.3592592592592593 0.4546875 0.26851851851851855
0 0.5567708333333333 0.31851851851851853 0.5223958333333333 0.32407407407407407 0.5223958333333333 0.425 0.5265625 0.4703703703703704 0.5625 0.46296296296296297 0.5661458333333333 0.36666666666666664 0.5640625 0.3277777777777778
0 0.5916666666666667 0.32419987336423844 0.5776041666666667 0.39814814814814814 0.659375 0.43703703703703706 0.6682291666666667 0.3861111111111111 0.665625 0.37222222222222223 0.6244791666666667 0.3453703703703704 0.6059116370913143 0.3285031923504085
0 0.3910249607777555 0.4259273400302329 0.3226991166479056 0.4453832802538361 0.3052479270216669 0.44117659047575974 0.303769012646562 0.3633528295813468 0.38777134915252454 0.35809446735875133
0 0.41439180790441404 0.3391643633574077 0.3939827895279654 0.40016136513951506 0.4658580281580672 0.483769324478783 0.48449234928438994 0.42382399514119473 0.4416038324063456 0.3675595193594232
0 0.3315351322795697 0.11787915814384699 0.30114441182060914 0.16945128983178007 0.30943279012759833 0.1890978161890879 0.3619258527385302 0.27259555320764617 0.39093517681299256 0.2296187768010353
