0 0.35560260399024574 0.5211885493597495 0.3512593660789145 0.5289098612021161 0.3496306518621653 0.5530389607095119 0.3621174608572426 0.6119139635075577 0.3718897461577379 0.667893474364716 0.4120646968375519 0.6524508506799827 0.39414884045331056 0.506711089655312
0 0.4935004076750128 0.6012971597243035 0.42780893426612765 0.6929877378524076 0.45386836173411516 0.7518627406504533 0.4679838849459417 0.7383504449263117 0.48644264606909954 0.7065000335765492 0.5157595019705854 0.6514856866996869
0 0.4408386480001214 0.5018852697538329 0.5076159308868393 0.41019469162572875 0.5315037393991612 0.46617420248288705 0.5065301214090066 0.4999549417932411 0.463097742295694 0.5520737967292161
0 0.32954317652225823 0.4594180546208162 0.4120646968375519 0.4082643636651371 0.42400860109371286 0.47582584228584535 0.39577755467005976 0.495129121891762 0.34202998551733554 0.5202233853794536
0 0.32294288137417126 0.2085532316737863 0.3226057802453882 0.35957453736859707 0.36204661231300617 0.3583759555773684 0.36575472472961984 0.35178375572561077 0.36777733150231817 0.32781211990103765 0.36373211795692145 0.2738759392957481 0.36137241005544 0.20795394077817195
0 0.35732719651004335 0.11326597927110807 0.3883405003580849 0.11086881568865076 0.4412653775770252 0.11865959733163704 0.44227668096337436 0.1881773412228991 0.35699009538126025 0.1875780503272848
1 0.479694906258294 0.2558972124273183 0.4587946362737443 0.3116312657194508 0.5009322773716268 0.37036177348965493 0.5275632665454885 0.39972702737475707 0.5373391992801972 0.3727589370721123 0.5313820956911778 0.36204784527707745 0.5305957948689061 0.3567359463888424 0.5316966160200863 0.35282191562909015 0.5354708599669903 0.3444347068581926 0.5299667542110887 0.3354883508359019 0.5356281201314447 0.32123009592537605
0 0.5414315472499972 0.5141779835500875 0.511603542679412 0.5605771017709977 0.56859633712678 0.6756279765432549 0.5962937699423235 0.6311226998823818 0.5677973727186394 0.5638913245010628 0.5560792280659096 0.5283817952503662 0.5456926907600808 0.5118106816000411
1 0.5249196161484232 0.4800888354694187 0.5225227229240013 0.48529689975952095 0.5283817952503662 0.5288552556403754 0.5443610834131796 0.5061291569199297 0.5869725185140157 0.5766747550313136 0.564867836555457 0.45783619713898216
1 0.5875051614527761 0.6476938135327068 0.5899020546771981 0.7054559811138402 0.5938968767179015 0.7584835447948804 0.6056150213706314 0.7594304655748991 0.6045497354931105 0.7542224012847969 0.6040170925543501 0.7518550993347505 0.6048160569624907 0.7475939558246668 0.606413985778772 0.7475939558246668 0.6125393795745172 0.7556427824548247 0.620529023655924 0.756116242844834 0.6048160569624907 0.6997744564337286 0.6295839536148516 0.6761014369332643 0.6247901671660077 0.6046089180418617 0.622925916880346 0.6046089180418617 0.6178658089621217 0.6107639031119824 0.6114740936969963 0.6249677148122611 0.6005549134524072 0.6065027596018988 0.5893694117384377 0.6098169823319638 0.598158020227985 0.6320696206624004
0 0.6772554966339118 0.67894219927332 0.6197300592477833 0.7878380889754564 0.6492917423489882 0.8394452714864689 0.6721953887156876 0.7992011383356793 0.7036213221025541 0.7243943967142117
1 0.6267321338899181 0.7540629368174212 0.613006865522408 0.6999703128897778 0.64674126006424 0.6664564045867812 0.6566631408118376 0.6996763312379971 0.6462451660268601 0.7179031936483987 0.6374808380331489 0.7020281844522425 0.6331813563758566 0.6976184596755324 0.6308662508680837 0.6976184596755324 0.6290472393976909 0.6999703128897778 0.6384730261079086 0.7211369918179861 0.6419456843695678 0.7261346798982575
0 0.6854950392086274 0.469195289602539 0.6676478310872194 0.5100575842912847 0.636820835241151 0.5888977763966293 0.6673774188429556 0.6316830026001395 0.717403684031751 0.5105383171699758
1 0.6212474953746984 0.3781960728599365 0.622926542659495 0.4429699858911964 0.707886335270197 0.4381940291699975 0.7043603359721242 0.3698381485978385 0.6764881510445027 0.3671516729421641 0.679174626700177 0.37550959720426214 0.6788388172432177 0.38058405122053596 0.6691003429913981 0.38924047277770896 0.6654064389648459 0.3871509917121844 0.6593618687395786 0.3710321377781382 0.6455936810042473 0.3740171107288875 0.6449220620903288 0.3749126026141123 0.6529814890573519 0.39640440785950726 0.6526456796003927 0.40058336999055627 0.6424034911631341 0.4098367861378791 0.6388774918650615 0.4074488077772797 0.6341761594676314 0.38924047277770896 0.6343440641961109 0.38506151064665994 0.6330008263682738 0.38416601876143514 0.630482255441079 0.38446451605651005 0.6293069223417215 0.38147954310576077 0.6267883514145268 0.3820765376959106 0.6237660663018931 0.3773005809747117
1 0.6101838202057766 0.31459393087208604 0.6500537857305859 0.2758154136788738 0.6636326870325137 0.26579977016539513 0.6675330097468971 0.2588658631176022 0.6779338703185865 0.2511615219533878 0.68183419303297 0.25963629723402365 0.6772115883344415 0.26246122232756885 0.6769226755407834 0.2678542611425189 0.6793784342868767 0.2753017909345928 0.680967454651996 0.28095164112168336 0.6798118034773638 0.2855742458202119 0.6803896290646799 0.2943058324729882 0.6834232133980893 0.3040646646143264 0.6900682076522241 0.3107417602899788 0.697435483890504 0.30920089205713597 0.7007579810175716 0.30457828735860737 0.7032137397636649 0.308687269312855 0.6280964134125749 0.36467214843947926
0 0.6721677194611994 0.17539673558248636 0.6818995536421153 0.23326572657398695 0.7312298855246896 0.21954421324610537 0.7510291343755188 0.21775445063812082 0.7654590954023942 0.2117885752781723 0.765123514913397 0.196873886878301 0.7543849392654898 0.14198783356677466
0 0.6057556571192858 0.42497947846585477 0.6201466846091412 0.3804442822832568 0.6196136835909984 0.37523271677252723 0.6108191667916424 0.359124241557545 0.5948291362473586 0.32832862717596134 0.5625825746497195 0.27905564416542744 0.5489910486870783 0.3160103814233279
