1 0.5263035196272263 0.1028976474860846 0.5263035196272263 0.1395898318609675 0.5330337436633801 0.24886872880355346 0.5563651869887133 0.25126169734974146 0.555916505386303 0.23451091752642536 0.5554678237838927 0.22573669952373596 0.5568138685911236 0.21855779388517194 0.5586085950007645 0.21776013770310929 0.5608520030128158 0.22095076243135994 0.5617493662176363 0.22733201188786134 0.5644414558320978 0.2472734164394281 0.572069043073072 0.2504640411676788 0.5693769534586105 0.10449295985020994
1 0.5227140668079443 0.27439372662955896 0.5298929724465083 0.33740856501251 0.5361745148802518 0.3390038773766353 0.5384179228923032 0.32943200319188326 0.5509810077597902 0.33182497173807124 0.5514296893622004 0.33581325264838463 0.6120017056875845 0.32384840991744457 0.6043741184466103 0.25365466589592944
0 0.36791891397640714 0.1084812407605233 0.3755465012173814 0.2592382591703682 0.41413311902466315 0.2544523220779922 0.4136844374222529 0.1978187331515425 0.40471080537404786 0.10449295985020994
0 0.36298341634989434 0.26561950862686956 0.37150836679568916 0.4171741832187771 0.4127870742174324 0.4083999652160877 0.4100949846029709 0.35017106392551267 0.40067267095235554 0.2584406029883055
0 0.37644386442220196 0.4690218350528507 0.387212222880048 0.528846048707551 0.46797491131389346 0.48258199014791614 0.4549631448439962 0.4171741832187771 0.4257988406873297 0.4339249630420932
1 0.45406578163917566 0.5607522959900579 0.47380777214522674 0.6181835410985703 0.5209193403983032 0.572717138720998 0.5455968285308671 0.5424062038026165 0.5249574748199956 0.4793913654196655 0.5200219771934828 0.48577261487616685 0.5209193403983032 0.4929515205147309 0.5209193403983032 0.5025233946994829 0.5173298875790213 0.516881205976611 0.5119457083500982 0.521667143068987 0.5052154843139445 0.521667143068987 0.5016260314946624 0.5152858936124857 0.4989339418802009 0.5089046441559844
1 0.5500836445549697 0.46583121032460006 0.589567625567072 0.45785464850397334 0.6115530240851743 0.5089046441559844 0.5792479487116361 0.5471921408949925
1 0.5034207579043034 0.41797183940083976 0.5038694395067137 0.3733030932053301 0.5062850838887006 0.3667460689175314 0.5081191595719742 0.36127778157892626 0.5058108919710166 0.3564067729984487 0.5058757515599229 0.3369719438618137 0.5088612932837082 0.3332142748231673 0.5146493136002643 0.3331609210350978 0.5012101605389703 0.30851508742869543 0.5023518693329087 0.2939688716837021 0.4915056357904936 0.2804375081999874 0.48769993981069887 0.2817906445483589 0.4580155111682997 0.3271207122188032
0 0.5070426629347868 0.3800741441535062 0.5907777478186061 0.37754031652581616 0.5922030258591817 0.45735588679805245 0.5747433698621301 0.4579893437049749 0.5369735017868754 0.44848749010113725 0.5081116214652186 0.44532020556652474
1 0.6161113150659246 0.28785130101190115 0.6191055008961516 0.31856089927063885 0.6138080951965194 0.3251122802325029 0.6009100639278494 0.3287974320235514 0.5974552341237415 0.3885787833005607 0.5990674880323252 0.4389425244448905 0.6412164116424427 0.439351985755007 0.6409860896555022 0.2870323783916682
0 0.6685619130010185 0.29667333105713845 0.6710745164949152 0.44594059047233614 0.7110667887727714 0.4429626900351252 0.7112761723972627 0.3874992943920717 0.7058321981604865 0.29406766817457886
0 0.6945500228577904 0.14312568870360845 0.7030011598634248 0.2079671609339725 0.7505944051056814 0.19926891465916757 0.7692758658549784 0.19610591601378394 0.7826197663901905 0.18819841940032492 0.7735014343577955 0.11307720157246413
