0 0.3836823756694462 0.5867602677969379 0.3079878494790682 0.6603096049859691 0.3276010060628099 0.7213283143576098 0.3726499750910915 0.6853708606207501 0.3907308538167283 0.6717506129931518 0.401456798823462 0.6559511257451377 0.4026826211099459 0.6494134068838904
1 0.33342366192360817 0.4058833793024315 0.32790746163443085 0.5557061032060135 0.35794010765328527 0.5595197725417411 0.3671337748019141 0.5508028140600781 0.3714241528046076 0.47343980753531945 0.37724680866540594 0.4363927339882519 0.37571453080730116 0.4135107179738866 0.3732628862343334 0.40806261892284723
0 0.3808624799569174 0.10612209399829732 0.3703530296269804 0.12181620649100326 0.3581620672442535 0.153951770166544 0.32621333824124493 0.21897023620775433 0.3531175310858837 0.2697892671365164 0.4140723429995184 0.1621724957579614
0 0.4350912436593924 0.17936128563092502 0.37876058989093 0.2959461212910263 0.410288940880741 0.3430284587691441 0.43425048763299745 0.2959461212910263 0.46325657054362357 0.22644362310904287
1 0.4711702203791171 0.19958297099950956 0.4680118581462284 0.19907252861843663 0.46456637207398627 0.21949022386135322 0.46341787671657214 0.26338826863362386 0.45710115225079484 0.34454860722421726 0.46341787671657214 0.34812170389172764 0.4777740686842479 0.33025622055417564 0.4812195547564901 0.3241309119813007 0.4975856135996404 0.35220524294031097 0.5136645486034372 0.2118335881452595 0.4728929634152382 0.19652031671307205
0 0.4157553193838888 0.4251985034337377 0.44389345564053323 0.387936209615415 0.48035818323842955 0.3363815291270506 0.5061993287802459 0.387936209615415 0.44360633180117964 0.48543070440034164 0.41546819554453523 0.429282042482321
0 0.46542419885328934 0.6597940407201746 0.4629428817230738 0.6660957985111983 0.4693234114864852 0.6887821265588833 0.4827934187647982 0.7247021459677181 0.5026439558065227 0.7959120090062851 0.5391547650082659 0.7688144505048835 0.5061886945639735 0.6295456033232611
0 0.5310018658661291 0.6131610330665996 0.5703484660738328 0.5873238261234027 0.5795647868432049 0.606859275275576 0.597642954506204 0.7291133764214346 0.5600687236772256 0.7530600560273243
1 0.48669263139799407 0.8400243135434505 0.5193042279665414 0.8709029267194663 0.5019350080550325 0.9484145475490571 0.48917394852820967 0.9975682583190414 0.4732226241196811 0.9975682583190414 0.44840945281752553 0.9748819302713563
1 0.5465987163989126 0.8003232394600016 0.5423450298899716 0.8753141571731828 0.5458897686474223 0.8784650360686947 0.553333720038069 0.8841366180806159 0.557232932671265 0.8942194305462537 0.5593597759257354 0.9087134734656082 0.5568784587955199 0.9213169890476554 0.5483710857776379 0.9244678679431673 0.539863712759756 0.9175359343730413 0.5395092388840109 0.9503050748863641 0.5820461039734205 0.9547163053400806 0.5855908427308713 0.9036720672327893 0.5834639994764008 0.8034741183555134
0 0.7436861913131767 0.918796285931246 0.708947751490159 0.9610180631311043 0.6876793189454542 0.9112341765820177 0.6614482521403182 0.8381337862061434 0.6922874793301402 0.7978025363435922
1 0.6579035133828675 0.6931933570125999 0.686970371193964 0.7524298802482221 0.7029216956024926 0.7883498996570567 0.704339591105473 0.7908706027734661 0.7103656469931392 0.782048141866033 0.713555911874845 0.7788972629705213 0.7149220813908409 0.7812689580451359 0.715482145692753 0.7852516375254001 0.7092280943214008 0.7963699510744705 0.7133352325354232 0.8025099152732109 0.7162288980953025 0.7996888506413572 0.7456322739456896 0.7435994479609715 0.6835584804837613 0.6427049011276149 0.6577955225958031 0.6906629998691282
0 0.6692703045528023 0.4487977935596748 0.650530736025324 0.5139995938965523 0.6457119898325437 0.5173310727458817 0.6328619999851299 0.5068607106479891 0.6176026370413261 0.48544406090229936 0.5758401700372312 0.44070705921130315 0.5927057817119618 0.3821682165730847
1 0.5876193273973606 0.29507384094061334 0.6026109822193433 0.34790157697998125 0.6044849390720911 0.3440941725807475 0.6162640964322205 0.35266083247902336 0.6821202944002162 0.2960256920404218 0.66391614211638 0.23367944500296958 0.6167995126758627 0.26984978679568994
0 0.6695380126746235 0.16181468696743312 0.7549369035355612 0.16800171911618791 0.75225982231735 0.23701092385229908 0.6987181979531257 0.2398664771517244 0.6673963477000545 0.23463129610277803
