0 0.4114583333333333 0.23796296296296296 0.32708333333333334 0.2388888888888889 0.32760416666666664 0.30648148148148147 0.4078125 0.31574074074074077 0.4125 0.30185185185185187
0 0.4901041666666667 0.6648148148148149 0.46145833333333336 0.8018518518518518 0.4973958333333333 0.8277777777777777 0.5229166666666667 0.7407407407407407 0.53125 0.6962962962962963
0 0.5989583333333334 0.20185185185185187 0.571875 0.3425925925925926 0.6072916666666667 0.3638888888888889 0.6322916666666667 0.225
0 0.6484375 0.6546296296296297 0.6401041666666667 0.8009259259259259 0.6734375 0.8055555555555556 0.6791666666666667 0.6990740740740741 0.6848958333333334 0.6842592592592592 0.6848958333333334 0.6675925925925926 0.6776041666666667 0.6574074074074074
0 0.7291666666666666 0.5814814814814815 0.6927083333333334 0.5851851851851851 0.6875 0.65 0.6890625 0.7296296296296296 0.7307291666666667 0.7277777777777777
0 0.7265625 0.24166666666666667 0.6880208333333333 0.26481481481481484 0.7135416666666666 0.4027777777777778 0.7541666666666667 0.3787037037037037 0.7473958333333334 0.3287037037037037
0 0.734375 0.13425925925925927 0.6880208333333333 0.13518518518518519 0.6520833333333333 0.14444444444444443 0.6536458333333334 0.21203703703703702 0.6604166666666667 0.21666666666666667 0.7328125 0.20925925925925926 0.7369791666666666 0.20277777777777778
0 0.46701759951300065 0.139727326374916 0.4680703980520023 0.20723243052760973 0.553125 0.20462962962962963 0.5520833333333334 0.14351851851851852 0.5489583333333333 0.13796296296296295 0.4829759533727671 0.13253447583783098
0 0.4427083333333333 0.35555555555555557 0.4401041666666667 0.362962962962963 0.4427083333333333 0.5064814814814815 0.48072916666666665 0.5064814814814815 0.48020833333333335 0.3611111111111111
0 0.565625 0.3416666666666667 0.5598958333333334 0.33796296296296297 0.4859375 0.3824074074074074 0.484375 0.3907407407407407 0.4942708333333333 0.44166666666666665 0.5010416666666667 0.4462962962962963 0.5723958333333333 0.4111111111111111 0.5760416666666667 0.39444444444444443
0 0.6625 0.41759259259259257 0.6578125 0.4203703703703704 0.6270833333333333 0.5509259259259259 0.6557291666666667 0.5796296296296296 0.6635416666666667 0.5731481481481482 0.6864583333333333 0.49537037037037035 0.6942708333333333 0.45
0 0.696162845652566 0.4116717073538467 0.6963541666666667 0.42685185185185187 0.6958699458132481 0.47803397266364267 0.6901041666666666 0.537962962962963 0.6911458333333333 0.5616465039179465 0.734375 0.562962962962963 0.7375 0.4166666666666667
1 0.47177052336173886 0.25560081212859326 0.48322580366140444 0.25560081212859326 0.4869663033510912 0.25061347920901095 0.48579739719806414 0.24770420167258791 0.5070714891831574 0.23897636906331887 0.5075390516443682 0.25061347920901095 0.509643082719817 0.2531071456688021 0.5203970193276664 0.2539383678220658 0.5227348316337206 0.2489510349024835 0.5222672691725098 0.22609242568773125 0.5372292679312566 0.2194426484616215 0.5374630491618622 0.2464573684426923 0.5393332990067053 0.2501978681323791 0.5505547980757656 0.25144470136227465 0.5528926103818198 0.24770420167258791 0.5531263916124253 0.2265080367643631 0.5510223605369764 0.22484559245783567 0.5503210168451602 0.21902703738498963 0.5535939540736361 0.2173645930784622 0.5657505780651179 0.27180964411723574 0.4855636159674587 0.3245922508494818
1 0.6539205618878051 0.26612465645846967 0.6865961677285449 0.29916332458632877 0.648610775938685 0.4193369416228273 0.6383273743785911 0.41341825097023843 0.6361266068753978 0.4121140924498276 0.6329826532994074 0.4130456342501211 0.6330874517519405 0.41621287637111887 0.6448248784356381 0.4286955364950512 0.6432529016476428 0.4337258622166359 0.608459815406682 0.3923654062836062 0.6296887493219788 0.3284509522957184
1 0.6109220800377468 0.39867853993094166 0.6393011920617169 0.44008188211084004 0.6286590250527281 0.47819489246187225 0.6187880295661298 0.47325939471857315 0.6180168580437393 0.4743561719948618 0.6180168580437393 0.47792069814280014 0.6249574017452537 0.48696911067218185 0.6112305486467029 0.5253563153422862 0.6089170340795315 0.524807926704142 0.606757753816838 0.5250821210232142 0.6059865822944476 0.5289208414902246 0.6090712683840096 0.5355015051479568 0.5968867583302397 0.5629209370551742 0.5934936036317217 0.564017714331463 0.5589451194286277 0.5193240403226984
1 0.6074449619991018 0.5654019983090504 0.6034804916162215 0.6390138928257412 0.6323330260694058 0.6437125243906363 0.6863960918922113 0.6511417280933574 0.6915798334580057 0.5834134193078151 0.6644892858416571 0.5767570245908803 0.6583223319127322 0.5877204982423023 0.6268268172042943 0.5650104456786424
1 0.5534125225932206 0.6280536729364987 0.5408594193587665 0.6883085684618785 0.6152813885344589 0.7405932397114144 0.614564068349633 0.722739937333524 0.6165366988579043 0.7205082745362879 0.6238892307523702 0.7185954207100853 0.6317797527854556 0.6806571531570683 0.6174333490889368 0.6790631083018995 0.6168953589503172 0.6618474238660768 0.5998590045607008 0.6494138739957602
1 0.45496032722585894 0.5783194734552328 0.5044554199788496 0.5403812059022158 0.5162912030284778 0.5269912291187981 0.5293822964015512 0.5202962407270892 0.5331482273718875 0.5257159932346631 0.5476739611146131 0.5942599220069206 0.4650028098134223 0.6382555600095788 0.45836759810378225 0.6057370449641357 0.46034022861205354 0.6031865731958657 0.4601608985658471 0.5984044386303594 0.4531670267637941 0.5827827990497053 0.4526290366251746 0.5795947093393679
0 0.44312454417623076 0.7205082745362879 0.43290273154246095 0.7026549721583976 0.4194529780769744 0.6589781431267729 0.3947054317004791 0.5945787309779543 0.4223222588162782 0.5563216544539036 0.47343132198512716 0.6774690634467309 0.4454558347769151 0.7208270835073216
1 0.3665506144460606 0.4444197056210554 0.36457798393778923 0.448883031215528 0.36511597407640867 0.4721560861009922 0.37479979657155904 0.5349614533946421 0.3796417078191342 0.5920282592096843 0.3923741410997948 0.5904342143545155 0.41873565789214845 0.5560028454828699 0.41012781567423706 0.4326237736928064
1 0.3268782876381139 0.5102577191562279 0.3246750638856511 0.6612341831633741 0.3625304538143297 0.6640827956918108 0.3639325052931696 0.6623024128615379 0.3649339706351982 0.6505518861817364 0.3613286954038955 0.6427182017285354 0.35972635085664983 0.6341723641432253 0.36112840233548976 0.6231339905955329 0.3645333844983868 0.6181489186707687 0.36633602211403815 0.6174367655386594 0.3713433488241808 0.5430167632332502 0.3709427626873694 0.5188035567415381 0.36633602211403815 0.5131063316846646
1 0.362330160745924 0.8164835659631755 0.32127008172275406 0.7954750485659546 0.31906685797029133 0.7865731344145899 0.33829499253723916 0.6996904522972699 0.34370290538419324 0.6679996379184113 0.36413279836157536 0.6669314082202475 0.3659354359772268 0.6580294940688828 0.3763506755343235 0.6658631785220838 0.3769515547395406 0.6797501645982129 0.3847629844073632 0.6801062411642674
