0 0.5666666666666667 0.7027777777777777 0.565625 0.7712962962962963 0.6291666666666667 0.7898148148148149 0.64375 0.787962962962963 0.6473958333333333 0.7824074074074074 0.6473958333333333 0.7092592592592593
0 0.5385416666666667 0.5657407407407408 0.5317708333333333 0.5648148148148148 0.5182291666666666 0.575 0.4661458333333333 0.6333333333333333 0.465625 0.6425925925925926 0.4796875 0.6953703703703704 0.4984375 0.6833333333333333 0.5557291666666667 0.6333333333333333 0.553125 0.612037037037037
0 0.45364583333333336 0.3685185185185185 0.43125 0.39814814814814814 0.42552083333333335 0.412962962962963 0.4421875 0.4666666666666667 0.46510416666666665 0.525 0.4713541666666667 0.5342592592592592 0.49583333333333335 0.5037037037037037 0.503125 0.4888888888888889 0.4640625 0.38796296296296295
0 0.5760416666666667 0.5740740740740741 0.5755208333333334 0.6398148148148148 0.5802083333333333 0.6518518518518519 0.5947916666666667 0.6546296296296297 0.659375 0.6425925925925926 0.659375 0.575925925925926
0 0.4375 0.11388888888888889 0.4328125 0.10925925925925926 0.4192708333333333 0.11018518518518519 0.3645833333333333 0.1287037037037037 0.36302083333333335 0.15185185185185185 0.36875 0.19074074074074074 0.44375 0.1814814814814815 0.44427083333333334 0.14907407407407408
0 0.7552083333333334 0.15648148148148147 0.7291666666666666 0.15833333333333333 0.675 0.17592592592592593 0.6744791666666666 0.19722222222222222 0.6802083333333333 0.25 0.6963541666666667 0.24814814814814815 0.7604166666666666 0.22407407407407406 0.7609375 0.20185185185185187
0 0.6447916666666667 0.20925925925925926 0.6166666666666667 0.2324074074074074 0.6130208333333333 0.2388888888888889 0.6125 0.24722222222222223 0.61875 0.2814814814814815 0.6322916666666667 0.33055555555555555 0.6442708333333333 0.362962962962963 0.6505208333333333 0.3685185185185185 0.6671875 0.35648148148148145 0.6770833333333334 0.3453703703703704 0.6802083333333333 0.337037037037037 0.653125 0.2222222222222222 0.6484375 0.20925925925925926
0 0.5515625 0.13518518518518519 0.5520833333333334 0.2037037037037037 0.603125 0.21388888888888888 0.6333333333333333 0.21203703703703702 0.6359375 0.20833333333333334 0.6364583333333333 0.13796296296296295 0.6109375 0.13425925925925927
0 0.4197916666666667 0.5518518518518518 0.39166666666666666 0.5592592592592592 0.384375 0.5694444444444444 0.3848958333333333 0.6611111111111111 0.3885416666666667 0.700925925925926 0.3927083333333333 0.7111111111111111 0.4328125 0.6990740740740741 0.42239583333333336 0.5564814814814815
1 0.753125 0.2564814814814815 0.7479166666666667 0.25555555555555554 0.7020833333333333 0.29259259259259257 0.6828125 0.31666666666666665 0.69375 0.3148148148148148 0.6984375 0.3212962962962963 0.7023252190359524 0.3349018098143006 0.6833333333333333 0.34444444444444444 0.69375 0.37962962962962965 0.6979166666666666 0.37962962962962965 0.7682291666666666 0.3212962962962963 0.7682291666666666 0.30925925925925923
0 0.7130208333333333 0.6583333333333333 0.709375 0.674074074074074 0.7046875 0.7342592592592593 0.703125 0.8009259259259259 0.7083333333333334 0.8083333333333333 0.7447916666666666 0.8083333333333333 0.75 0.7212962962962963 0.7494791666666667 0.6601851851851852
0 0.4744791666666667 0.1259259259259259 0.45208333333333334 0.16111111111111112 0.446875 0.18425925925925926 0.45677083333333335 0.20833333333333334 0.4796875 0.25 0.4979166666666667 0.2777777777777778 0.5046875 0.28055555555555556 0.5286458333333334 0.24259259259259258 0.5296875 0.23425925925925925
0 0.3359375 0.27870370370370373 0.30625 0.32407407407407407 0.325 0.37037037037037035 0.3614583333333333 0.4425925925925926 0.3828125 0.4064814814814815 0.38697916666666665 0.3925925925925926 0.3614583333333333 0.3277777777777778
0 0.7265625 0.4722222222222222 0.71875 0.4740740740740741 0.6682291666666667 0.5777777777777777 0.6703125 0.587037037037037 0.6927083333333334 0.6240740740740741 0.6963541666666667 0.6222222222222222 0.7229166666666667 0.575 0.7505208333333333 0.5185185185185185
1 0.6463541666666667 0.3814814814814815 0.6375 0.38055555555555554 0.6375 0.3962962962962963 0.634375 0.40185185185185185 0.6151041666666667 0.4046296296296296 0.6067708333333334 0.38981481481481484 0.5651041666666666 0.3990740740740741 0.5640625 0.40925925925925927 0.5734375 0.4759259259259259 0.5880208333333333 0.4759259259259259 0.654671539811517 0.4407488475031447 0.6520833333333333 0.42407407407407405
1 0.3541666666666667 0.1527777777777778 0.3328125 0.18333333333333332 0.3333333333333333 0.18981481481481483 0.36041666666666666 0.26296296296296295 0.38385416666666666 0.3037037037037037 0.41041666666666665 0.262037037037037 0.4114583333333333 0.24537037037037038 0.4010416666666667 0.23703703703703705 0.3932291666666667 0.21574074074074073 0.3859375 0.20925925925925926 0.38333333333333336 0.2111111111111111 0.38333333333333336 0.23796296296296296 0.3796875 0.24166666666666667 0.3729166666666667 0.23703703703703705 0.36875 0.22870370370370371 0.3572916666666667 0.1824074074074074 0.3567708333333333 0.15462962962962962
0 0.4359375 0.4601851851851852 0.41770833333333335 0.45925925925925926 0.35520833333333335 0.48055555555555557 0.3541666666666667 0.49166666666666664 0.359375 0.5472222222222223 0.3619791666666667 0.5509259259259259 0.40520833333333334 0.5462962962962963 0.4421875 0.5305555555555556
0 0.428125 0.2324074074074074 0.39895833333333336 0.3712962962962963 0.40208333333333335 0.3768518518518518 0.43385416666666665 0.39444444444444443 0.45364583333333336 0.32314814814814813 0.465625 0.2611111111111111 0.45625 0.25
0 0.5723958333333333 0.23425925925925925 0.5625 0.24537037037037038 0.5083333333333333 0.33055555555555555 0.5114583333333333 0.3435185185185185 0.534375 0.3861111111111111 0.5442708333333334 0.3787037037037037 0.5947916666666667 0.28703703703703703
0 0.7255208333333333 0.09351851851851851 0.7080255084702299 0.09389720024337149 0.671875 0.09907407407407408 0.6575317363218224 0.0968478706513188 0.6432291666666666 0.0962962962962963 0.6411458333333333 0.15555555555555556 0.665625 0.15833333333333333 0.7234375 0.15092592592592594 0.7270833333333333 0.11296296296296296
0 0.3010674940001474 0.11620148891233757 0.32714680543217767 0.10211645995326636 0.33440939848919876 0.25353052126328196 0.31097102998699433 0.26350741677595746
