1 0.6104166666666667 0.5398148148148149 0.6010416666666667 0.5796296296296296 0.603125 0.5842592592592593 0.6395833333333333 0.6055555555555555 0.6567708333333333 0.6083333333333333 0.6614583333333334 0.6287037037037037 0.6786458333333333 0.6398148148148148 0.6921875 0.575925925925926 0.665625 0.5509259259259259 0.6494791666666667 0.5425925925925926
1 0.515625 0.3148148148148148 0.49947916666666664 0.35648148148148145 0.49947916666666664 0.387037037037037 0.5114583333333333 0.40370370370370373 0.5192708333333333 0.4 0.5208333333333334 0.3925925925925926 0.5151041666666667 0.37407407407407406 0.5229166666666667 0.3574074074074074 0.5265625 0.35648148148148145 0.54375 0.3851851851851852 0.5661458333333333 0.44166666666666665 0.5692708333333333 0.44351851851851853 0.5864583333333333 0.39351851851851855 0.5848958333333333 0.3888888888888889 0.5203125 0.31574074074074077
0 0.4583333333333333 0.4638888888888889 0.42239583333333336 0.4777777777777778 0.4348958333333333 0.6018518518518519 0.4395833333333333 0.6259259259259259 0.4708333333333333 0.6138888888888889 0.4796875 0.6064814814814815 0.47760416666666666 0.5657407407407408 0.46145833333333336 0.4675925925925926
0 0.5984375 0.7398148148148148 0.5656948413004318 0.8029019400896564 0.5432291666666667 0.85 0.5432291666666667 0.8564814814814815 0.5677083333333334 0.8962962962962963 0.5984375 0.8518518518518519 0.6265625 0.7944444444444444 0.621875 0.7805555555555556
0 0.6713541666666667 0.8490740740740741 0.6572916666666667 0.9055555555555556 0.7072916666666667 0.962037037037037 0.7213541666666666 0.9722222222222222 0.7307291666666667 0.9712962962962963 0.7421875 0.937962962962963 0.7479166666666667 0.9111111111111111 0.6765625 0.8490740740740741
0 0.7161458333333334 0.38981481481481484 0.7140625 0.3962962962962963 0.7125 0.5370370370370371 0.7510416666666667 0.537962962962963 0.7541666666666667 0.5324074074074074 0.7536458333333333 0.3962962962962963 0.7515625 0.3907407407407407
0 0.46979166666666666 0.6675925925925926 0.45989583333333334 0.6666666666666666 0.39947916666666666 0.7194444444444444 0.4015625 0.7444444444444445 0.4088541666666667 0.7814814814814814 0.4125 0.7833333333333333 0.4322916666666667 0.7731481481481481 0.48333333333333334 0.7388888888888889 0.48020833333333335 0.7101851851851851
0 0.4276041666666667 0.8314814814814815 0.41302083333333334 0.8472222222222222 0.3625 0.9185185185185185 0.3651041666666667 0.9333333333333333 0.38697916666666665 0.9796296296296296 0.39166666666666666 0.9768518518518519 0.44895833333333335 0.8814814814814815 0.44375 0.8638888888888889
0 0.35 0.4 0.33697916666666666 0.4962962962962963 0.3359375 0.5425925925925926 0.34322916666666664 0.5537037037037037 0.37864583333333335 0.5546296296296296 0.3807291666666667 0.5509259259259259 0.3848958333333333 0.4787037037037037 0.38645833333333335 0.4064814814814815
0 0.48333333333333334 0.18425925925925926 0.4635416666666667 0.2361111111111111 0.4630208333333333 0.2462962962962963 0.5119791666666667 0.30462962962962964 0.5291666666666667 0.32037037037037036 0.5354166666666667 0.3194444444444444 0.5494791666666666 0.2824074074074074 0.5526041666666667 0.26481481481481484 0.490625 0.18518518518518517
0 0.6109375 0.3787037037037037 0.60625 0.39537037037037037 0.5942708333333333 0.5203703703703704 0.596875 0.5268518518518519 0.6067708333333334 0.5333333333333333 0.6338541666666667 0.5398148148148149 0.6494791666666667 0.39166666666666666
0 0.5411458333333333 0.39537037037037037 0.5328125 0.40370370370370373 0.47604166666666664 0.48055555555555557 0.4786458333333333 0.4935185185185185 0.4953125 0.5314814814814814 0.5005208333333333 0.5342592592592592 0.5057291666666667 0.5305555555555556 0.5635416666666667 0.4527777777777778 0.5609375 0.4398148148148148
0 0.7270833333333333 0.2222222222222222 0.6994791666666667 0.2388888888888889 0.6927083333333334 0.25092592592592594 0.7036458333333333 0.32592592592592595 0.71875 0.3861111111111111 0.7427083333333333 0.37407407407407406 0.7572916666666667 0.3611111111111111
0 0.35572916666666665 0.22870370370370371 0.321875 0.2574074074074074 0.32135416666666666 0.2638888888888889 0.3390625 0.3453703703703704 0.353125 0.3925925925925926 0.35833333333333334 0.3962962962962963 0.39166666666666666 0.3638888888888889 0.3927083333333333 0.3574074074074074
0 0.3307291666666667 0.5601851851851852 0.328125 0.5740740740740741 0.32083333333333336 0.7083333333333334 0.328125 0.7129629629629629 0.35833333333333334 0.7175925925925926 0.36875 0.6314814814814815 0.3703125 0.5675925925925925
0 0.6057291666666667 0.18703703703703703 0.6026041666666667 0.22592592592592592 0.603125 0.25833333333333336 0.6286458333333333 0.26666666666666666 0.6703125 0.2657407407407407 0.6854166666666667 0.2611111111111111 0.6885416666666667 0.225 0.6880208333333333 0.19537037037037036
0 0.6729166666666667 0.2722222222222222 0.6619791666666667 0.26944444444444443 0.5958333333333333 0.3148148148148148 0.5947916666666667 0.33055555555555555 0.6015625 0.37407407407407406 0.6067708333333334 0.37777777777777777 0.6359375 0.3675925925925926 0.68125 0.34444444444444444 0.6817708333333333 0.3212962962962963
0 0.5432291666666667 0.09537037037037037 0.5119791666666667 0.09814814814814815 0.4588541666666667 0.11296296296296296 0.45729166666666665 0.11851851851851852 0.4630208333333333 0.17592592592592593 0.4666666666666667 0.18055555555555555 0.5041666666666667 0.17407407407407408 0.5453125 0.1574074074074074
1 0.49270833333333336 0.36574074074074076 0.4822916666666667 0.3638888888888889 0.4088541666666667 0.3768518518518518 0.4114583333333333 0.4462962962962963 0.4546875 0.44722222222222224 0.46041666666666664 0.4444444444444444 0.46875 0.42962962962962964 0.4734375 0.4305555555555556 0.4786458333333333 0.44351851851851853 0.4828125 0.44351851851851853 0.4890625 0.4305555555555556 0.496875 0.425 0.49114583333333334 0.4074074074074074 0.49635416666666665 0.39351851851851855
1 0.6505208333333333 0.42777777777777776 0.6484375 0.4537037037037037 0.6520833333333333 0.46111111111111114 0.6645833333333333 0.47129629629629627 0.6625 0.4898148148148148 0.6828125 0.5027777777777778 0.7041666666666667 0.5027777777777778 0.7083333333333334 0.46296296296296297 0.7083333333333334 0.4351851851851852 0.68125 0.41944444444444445 0.6739583333333333 0.4203703703703704 0.6692708333333334 0.42592592592592593 0.653125 0.42407407407407405
1 0.5588541666666667 0.0962962962962963 0.5567708333333333 0.11574074074074074 0.5557291666666667 0.23333333333333334 0.5609375 0.23148148148148148 0.5640625 0.2462962962962963 0.5963541666666666 0.24537037037037038 0.6 0.23333333333333334 0.6005208333333333 0.2 0.596875 0.09814814814814815
0 0.3963541666666667 0.11388888888888889 0.31875 0.1675925925925926 0.3182291666666667 0.17777777777777778 0.3338541666666667 0.2361111111111111 0.3619791666666667 0.21944444444444444 0.4083333333333333 0.17592592592592593 0.4088541666666667 0.1675925925925926
0 0.665625 0.6805555555555556 0.6614583333333334 0.7 0.6484375 0.8240740740740741 0.6692708333333334 0.8342592592592593 0.6859375 0.8351851851851851 0.6901041666666666 0.8287037037037037 0.6932291666666667 0.8083333333333333 0.7010416666666667 0.6935185185185185
1 0.515625 0.5925925925925926 0.5104166666666666 0.600925925925926 0.484375 0.6916666666666667 0.48489583333333336 0.7027777777777777 0.490625 0.7203703703703703 0.4875 0.7333333333333333 0.4890625 0.7398148148148148 0.5057291666666667 0.7592592592592593 0.5494791666666666 0.6425925925925926 0.5489583333333333 0.6361111111111111 0.5416666666666666 0.6222222222222222
1 0.5177083333333333 0.5222222222222223 0.5135416666666667 0.5824074074074074 0.5166666666666667 0.5907407407407408 0.5364583333333334 0.5990740740740741 0.596875 0.600925925925926 0.6026041666666667 0.562037037037037 0.6020833333333333 0.5398148148148149 0.5890625 0.5342592592592592 0.5786458333333333 0.5370370370370371 0.5572916666666666 0.524074074074074 0.5229166666666667 0.5157407407407407
0 0.44635416666666666 0.15462962962962962 0.4421875 0.15555555555555556 0.39166666666666666 0.26296296296296295 0.39166666666666666 0.27037037037037037 0.41875 0.3074074074074074 0.4479166666666667 0.2601851851851852 0.47239583333333335 0.20277777777777778 0.4708333333333333 0.19166666666666668
0 0.7630208333333334 0.10277777777777777 0.759375 0.0962962962962963 0.75 0.09907407407407408 0.7421875 0.10925925925925926 0.6838541666666667 0.1398148148148148 0.6828125 0.1527777777777778 0.6927083333333334 0.20555555555555555 0.7713541666666667 0.16574074074074074 0.7729166666666667 0.15185185185185185
