1 0.6703125 0.2851851851851852 0.6666666666666666 0.2861111111111111 0.6171875 0.35 0.603125 0.3574074074074074 0.603125 0.37222222222222223 0.6067708333333334 0.3888888888888889 0.6239583333333333 0.4305555555555556 0.6286458333333333 0.4305555555555556 0.6390625 0.4185185185185185 0.6885416666666667 0.3416666666666667 0.6838541666666667 0.3194444444444444
0 0.7322916666666667 0.5166666666666667 0.7244791666666667 0.5185185185185185 0.6859375 0.5592592592592592 0.6630208333333333 0.5962962962962963 0.6661458333333333 0.612037037037037 0.6859375 0.6537037037037037 0.690625 0.6555555555555556 0.7510416666666667 0.5666666666666667 0.7489583333333333 0.5537037037037037
0 0.41458333333333336 0.8527777777777777 0.40520833333333334 0.85 0.33489583333333334 0.8953703703703704 0.3338541666666667 0.9009259259259259 0.34739583333333335 0.9657407407407408 0.4244791666666667 0.9175925925925926 0.42552083333333335 0.9101851851851852
0 0.5776041666666667 0.8138888888888889 0.553125 0.8574074074074074 0.5510416666666667 0.8694444444444445 0.5942708333333333 0.9453703703703704 0.6098958333333333 0.9675925925925926 0.6135416666666667 0.9666666666666667 0.6348958333333333 0.9157407407407407 0.6 0.8425925925925926
0 0.6197916666666666 0.13425925925925927 0.6125 0.18425925925925926 0.6130208333333333 0.2101851851851852 0.6729166666666667 0.23333333333333334 0.6927083333333334 0.23425925925925925 0.7 0.18796296296296297 0.6984375 0.1675925925925926
0 0.38697916666666665 0.487962962962963 0.3651041666666667 0.5351851851851852 0.365625 0.5453703703703704 0.4244791666666667 0.6240740740740741 0.43125 0.6259259259259259 0.4505208333333333 0.575925925925926 0.4510416666666667 0.5601851851851852 0.41041666666666665 0.5083333333333333 0.390625 0.487962962962963
1 0.4708333333333333 0.5564814814814815 0.46458333333333335 0.5666666666666667 0.4270833333333333 0.6796296296296296 0.42916666666666664 0.687962962962963 0.4479166666666667 0.7101851851851851 0.4583333333333333 0.7092592592592593 0.4786458333333333 0.6583333333333333 0.475 0.6472222222222223 0.4765625 0.6324074074074074 0.4796875 0.6277777777777778 0.4890625 0.6305555555555555 0.4921875 0.6138888888888889 0.48333333333333334 0.5981481481481481 0.48854166666666665 0.575
1 0.5135416666666667 0.15185185185185185 0.48333333333333334 0.17685185185185184 0.4817708333333333 0.18518518518518517 0.5015625 0.27870370370370373 0.5074140557392499 0.2991326135466773 0.525 0.30833333333333335 0.5484375 0.2898148148148148 0.5494791666666666 0.2824074074074074 0.540625 0.2537037037037037 0.5177083333333333 0.15462962962962962
1 0.4234375 0.6898148148148148 0.4015625 0.7018518518518518 0.3885416666666667 0.7157407407407408 0.40520833333333334 0.799074074074074 0.4203125 0.8537037037037037 0.45260416666666664 0.8305555555555556 0.44860597600876867 0.8184531384951245 0.45206879652851056 0.7990619244717466
0 0.7432291666666667 0.6416666666666667 0.7114583333333333 0.6537037037037037 0.7067708333333333 0.6601851851851852 0.7265625 0.8046296296296296 0.7625 0.7870370370370371 0.7677083333333333 0.7777777777777778 0.7635416666666667 0.7388888888888889
0 0.3854166666666667 0.24074074074074073 0.3489583333333333 0.25925925925925924 0.35520833333333335 0.30648148148148147 0.3729166666666667 0.4027777777777778 0.40572916666666664 0.3851851851851852 0.4078125 0.3787037037037037 0.396875 0.2722222222222222 0.390625 0.24722222222222223
0 0.58125 0.33796296296296297 0.5541666666666667 0.3453703703703704 0.5505208333333333 0.3537037037037037 0.5520833333333334 0.4185185185185185 0.5578125 0.49074074074074076 0.5604166666666667 0.49444444444444446 0.5932291666666667 0.4888888888888889 0.5994791666666667 0.48148148148148145 0.5989583333333334 0.45185185185185184 0.5927083333333333 0.42314814814814816 0.5833333333333334 0.34074074074074073
0 0.32395833333333335 0.09537037037037037 0.32447916666666665 0.24722222222222223 0.365625 0.24814814814814815 0.36822916666666666 0.23796296296296296 0.36822916666666666 0.18888888888888888 0.3619791666666667 0.09814814814814815
0 0.40260416666666665 0.10740740740740741 0.4010416666666667 0.1712962962962963 0.4479166666666667 0.17962962962962964 0.47604166666666664 0.1787037037037037 0.48385416666666664 0.17222222222222222 0.4869791666666667 0.14074074074074075 0.4859375 0.10925925925925926
0 0.5895833333333333 0.14814814814814814 0.584375 0.14814814814814814 0.5536458333333333 0.17407407407407408 0.5520833333333334 0.1787037037037037 0.5713541666666667 0.26851851851851855 0.584375 0.3148148148148148 0.6166666666666667 0.29074074074074074 0.6182291666666667 0.28425925925925927 0.5989583333333334 0.175
0 0.465625 0.7546296296296297 0.4625 0.7898148148148149 0.4635416666666667 0.825925925925926 0.5010416666666667 0.8388888888888889 0.5380208333333333 0.8435185185185186 0.5411458333333333 0.8148148148148148 0.540625 0.7777777777777778 0.48072916666666665 0.7518518518518519 0.46875 0.7509259259259259
0 0.7390625 0.14074074074074075 0.7083333333333334 0.14722222222222223 0.7015753563407687 0.15103388563256706 0.7036458333333333 0.19166666666666668 0.715625 0.30185185185185187 0.7520833333333333 0.29074074074074074 0.7557291666666667 0.2861111111111111 0.7421875 0.15092592592592594
0 0.5119791666666667 0.5981481481481481 0.4921875 0.6898148148148148 0.4875 0.7231481481481481 0.4901041666666667 0.7296296296296296 0.5197916666666667 0.7453703703703703 0.5270833333333333 0.7453703703703703 0.5317708333333333 0.7305555555555555 0.546875 0.6111111111111112 0.5390625 0.6046296296296296
0 0.48020833333333335 0.17962962962962964 0.4390625 0.1814814814814815 0.3984375 0.19166666666666668 0.3958333333333333 0.23425925925925925 0.39791666666666664 0.2601851851851852 0.4421875 0.2611111111111111 0.48072916666666665 0.25462962962962965 0.4822916666666667 0.2074074074074074
1 0.5078125 0.4740740740740741 0.48385416666666664 0.5185185185185185 0.48385416666666664 0.525 0.5223958333333333 0.5842592592592593 0.5421875 0.5944444444444444 0.5510416666666667 0.6046296296296296 0.5546875 0.6037037037037037 0.5723958333333333 0.5675925925925925 0.5322916666666667 0.5018518518518519 0.5114583333333333 0.4740740740740741
0 0.6895833333333333 0.7138888888888889 0.6411458333333333 0.7398148148148148 0.6145833333333334 0.762962962962963 0.6151041666666667 0.7851851851851852 0.6286458333333333 0.8351851851851851 0.7026041666666667 0.7768518518518519 0.703125 0.7648148148148148
0 0.4869791666666667 0.2898148148148148 0.4875 0.35185185185185186 0.5458333333333333 0.39351851851851855 0.5479166666666667 0.38981481481481484 0.546875 0.35648148148148145 0.5421875 0.3333333333333333 0.5161458333333333 0.30648148148148147
1 0.6916666666666667 0.3101851851851852 0.6880208333333333 0.32222222222222224 0.6932291666666667 0.3425925925925926 0.6786458333333333 0.3685185185185185 0.678125 0.37592592592592594 0.6947916666666667 0.4027777777777778 0.7380208333333333 0.45185185185185184 0.7604166666666666 0.4009259259259259 0.7598958333333333 0.39537037037037037 0.6963541666666667 0.30833333333333335
1 0.6755208333333333 0.13240740740740742 0.6917588542862426 0.13430497069310351 0.6984375 0.1361111111111111 0.7078125 0.14722222222222223 0.7348958333333333 0.13796296296296295 0.7557291666666667 0.1398148148148148 0.7609375 0.13240740740740742 0.7628386513283765 0.09267769658231159 0.7596050529991738 0.09213789804910594 0.7255208333333333 0.08888888888888889 0.6796875 0.08333333333333333
0 0.37083333333333335 0.4064814814814815 0.3671875 0.4046296296296296 0.34427083333333336 0.43425925925925923 0.3072916666666667 0.5027777777777778 0.3098958333333333 0.5157407407407407 0.33125 0.5509259259259259 0.384375 0.47685185185185186 0.39397749173026425 0.4589202095399613 0.390625 0.44814814814814813
1 0.45 0.3212962962962963 0.4484375 0.32685185185185184 0.4557291666666667 0.36944444444444446 0.4734375 0.4425925925925926 0.4791666666666667 0.4564814814814815 0.4869791666666667 0.4564814814814815 0.5182291666666666 0.43333333333333335 0.5036458333333333 0.38425925925925924 0.490625 0.3768518518518518 0.48854166666666665 0.38055555555555554 0.48802083333333335 0.3972222222222222 0.4840961952017537 0.4002478264873299 0.47708333333333336 0.37037037037037035 0.4661458333333333 0.3648148148148148 0.4666666666666667 0.30925925925925923 0.4609375 0.3101851851851852
1 0.4041666666666667 0.4111111111111111 0.403125 0.43148148148148147 0.41354166666666664 0.42962962962962964 0.41770833333333335 0.4425925925925926 0.4171875 0.4527777777777778 0.40729166666666666 0.4787037037037037 0.4270833333333333 0.5138888888888888 0.43854166666666666 0.525 0.44479166666666664 0.4148148148148148 0.42552083333333335 0.4101851851851852
