0 0.3029317209728182 0.8575231452257125 0.3379414864785051 0.835047740209716 0.36808878455284655 0.9759512408869249 0.32821655161581426 0.9966977685939985 0.3141153960649126 0.9275426762370863
0 0.3167425460242456 0.8319600091990583 0.351326220893444 0.833423868452781 0.35873700836541506 0.7465682193985685 0.3614817444661451 0.708995831886353 0.3601093764157801 0.6870379430805127 0.355168851434466 0.6816704591501963 0.3178404404645376 0.6787427406427509
0 0.3779501610705253 0.6548330394986136 0.36944147915826225 0.7329055330304902 0.36614779583738616 0.8041466833783274 0.40484857485767967 0.8173214166618316 0.4202190970217678 0.6675198196975436
0 0.3960654193353435 0.5489472201460063 0.34830701118264096 0.6777668344736024 0.31289991548322355 0.6333631037773477 0.3115275474328586 0.6236040420858632 0.31701701963431866 0.6065256841257651 0.3373280667797208 0.5709051089518465 0.36477542778702116 0.5113748326337907
0 0.42570856922322786 0.45526022790775456 0.3938696304547595 0.49868805243486075 0.39030147352381045 0.5064953017880485 0.3982612082159276 0.5304050029321856 0.4139062039900887 0.5587062818374908 0.4451961955384111 0.6206763235784177 0.47785855513709846 0.5796882644741826
1 0.4827990801184125 0.6026220594491714 0.4569985607715502 0.6636161950209498 0.43229593586497994 0.7211946590007087 0.4649582954636673 0.7651104366123892 0.5039335480940338 0.6660559604438209 0.5033846008738877 0.6558089456677622 0.5055803897544717 0.6480016963145745 0.5105209147357859 0.6480016963145745 0.5151869661070269 0.6406824000459611
0 0.44903882607943313 0.8070744018857727 0.4633114538032293 0.873923974472442 0.4929546036911136 0.8563576634277698 0.5415364326740352 0.8134177919852377 0.528361699390531 0.7524236564134592
0 0.531106435491261 0.5918870915885384 0.533302224371845 0.7431525478065489 0.5692582672914085 0.7416886885528262 0.5728264242223575 0.7338814391996386 0.5736498450525765 0.7070440195480561 0.5709051089518465 0.664104148105524 0.5665135311906784 0.5884714199965186
1 0.5393406437934511 0.42451918357957813 0.531655382711407 0.46648314885296177 0.5365959076927211 0.5772484990513115 0.5769435283734526 0.5723689682055693 0.5755711603230876 0.49527238084284114 0.5689837936813354 0.43427824527106274 0.5673369520208974 0.4211035119875586 0.5607495853791454 0.4235432774104297 0.5591027437187074 0.4250071366641524 0.5558090603978313 0.42598304283330085 0.5530643242971014 0.42598304283330085 0.5492216937560793 0.4235432774104297
0 0.5250680160696549 0.3908504207439565 0.518480649427903 0.4762422105444463 0.518480649427903 0.5177182227332557 0.5138145980566619 0.5450435954694124 0.46962434683490833 0.5284531905938887 0.4863672370493615 0.37962749979874927
0 0.4486418952221996 0.2861958305475901 0.4438315818352568 0.35745973257637254 0.5300965352410979 0.37399295784705006 0.5336240983915226 0.3004486109533466 0.5294551601228389 0.2913268314936625 0.5188724706715646 0.2867659417638204 0.49706571665075727 0.2907567202774322
0 0.4361350804161483 0.3061497231156492 0.3521149399242139 0.3243932820350175 0.3543597528381205 0.38767562703657626 0.40374563694406673 0.38482507095542495 0.42330757805096747 0.38311473730673423 0.43998333112570254 0.3757032914957408
0 0.33543918684947877 0.21208137243765643 0.3453805011824939 0.26510171554707057 0.4284385789970398 0.22006292946488004 0.41721451442750657 0.1664724751392357 0.4124042010405638 0.16419203027431467 0.3796940700093526 0.18129536676122243
0 0.3591700662250633 0.10147979648898614 0.36269762937548805 0.15564036203086076 0.36590450496678323 0.16704258635546593 0.3803354451276117 0.1664724751392357 0.4480005201039406 0.14480824892248584 0.44319020671699777 0.0838063487858481
0 0.469807274124748 0.10147979648898614 0.46692108609258226 0.16419203027431467 0.5519032892619052 0.1704632536528475 0.554148102175812 0.10033957405652562 0.5249655342950256 0.09976946284029536
0 0.578199669110526 0.1510794723010187 0.5663342294227338 0.16191158540939363 0.5509412265845167 0.19668836959943942 0.5201552209080827 0.2536994912224654 0.5486964136706101 0.30671983433187944 0.6105891125826076 0.20524003784289332 0.5807651695835622 0.14879902743609766
0 0.6307924288077674 0.25712015851984693 0.5605618533584024 0.33408517271093185 0.5589584155627547 0.33750584000831346 0.5814065447018212 0.3962272952800302 0.5871789207661526 0.400218073793642 0.5967995475400383 0.3899560719014973 0.6128339254965142 0.3603102886575238 0.6519578077103158 0.31356116892664254
0 0.5762755437557489 0.48744508987687163 0.5692204174548994 0.42815352338892465 0.5730686681644538 0.4167512990643195 0.5852547954113755 0.4133306317669379 0.6522784952694454 0.4064892971721748 0.6602956842476834 0.4652107524438915
0 0.6750473119676413 0.4247328560915431 0.7302055721379189 0.38026418122558286 0.7359779482022503 0.3688619569009777 0.748164075449172 0.3614505110899843 0.7558605768682806 0.3671516232522869 0.7690087667925909 0.43271441311876674 0.6888368770102107 0.492576090822944
1 0.5958374848626496 0.5313436535266016 0.5977616102174268 0.5729617723114105 0.6577301837746472 0.5615595479868053 0.6689542483441804 0.569541105014029 0.6811403755911022 0.5626997704192659 0.6833851885050088 0.5416056554187462 0.677292124881548 0.48972553474179265 0.6612577469250719 0.492576090822944 0.6631818722798489 0.5091093160936214 0.6612577469250719 0.5165207619046148 0.6513164325920567 0.5188012067695359 0.647147494323373 0.5153805394721543 0.6455440565277254 0.4965668693365558 0.6295096785712494 0.4999875366339373 0.6327165541625445 0.5153805394721543 0.6307924288077674 0.5239322077156082 0.6186063015608456 0.5279229862292201 0.6147580508512914 0.5045484263637794 0.5932719843896135 0.5073989824449308
1 0.6288463781578127 0.6012237674062699 0.6505307360253236 0.6557388758498437 0.7234690306705872 0.5766919686066618 0.7000324014602473 0.5229556474265676 0.6842619593747848 0.5381419990644204 0.6827287219498094 0.55955864881011 0.6816335523605411 0.5661783405496867 0.6831667897855167 0.5743556068162229 0.6825096880319558 0.5790283303971007 0.6803193488534193 0.5794177240288404 0.6781290096748829 0.5774707558701413 0.6763767383320537 0.5677359150766461 0.6316938190899103 0.6004449801427902
1 0.6430835828182997 0.7192100378234331 0.6638918050143959 0.6802706746494518 0.6645489067679569 0.68377521733511 0.6667392459464933 0.6876691536525082 0.6695866868785907 0.6888373345477277 0.6706818564678589 0.6853327918620694 0.6680534494536151 0.673650982909875 0.6910520108282479 0.6343222261041539 0.6938994517603452 0.6409419178437308 0.6987181979531254 0.6522343331641853 0.7015656388852227 0.6530131204276649 0.7028798423923447 0.6491191841102668 0.7022227406387836 0.6448358541611289 0.6952136552674671 0.6257555662058781 0.7013466049673691 0.6148525445171634 0.7320113534668793 0.6685888656972574 0.6689295851250298 0.7729463590035272
1 0.7328544306719245 0.24770672447027828 0.7238843642010319 0.25036452194313535 0.6880040983174615 0.2838527701011343 0.6847150739448009 0.27641093717713455 0.6682699520814979 0.28916836504684845 0.66557893214023 0.2907630435305627 0.6631869144146587 0.2870421270685628 0.6604958944733909 0.288636805552277 0.6753002684322384 0.3541349307995624 0.7553443105980368 0.3092360983141533 0.7425180406111429 0.24738887865132259 0.7354899474676395 0.2533237128613922
0 0.6581809228891011 0.14056186287006964 0.6940241979209689 0.11244949029605572 0.6987681607928338 0.11463600816292348 0.7061476585935124 0.13431466896473324 0.7050934446219869 0.1471214164706729 0.7230150821379208 0.2492630368229235 0.6912129606635674 0.2795619272638052
1 0.7040392306504614 0.12275736023986084 0.7300431752814242 0.11151241121025525 0.7440993615684312 0.10776409486705339 0.7542900966265113 0.17679558752102092 0.7237178914522711 0.19303829167489564
1 0.6304199549722624 0.10339105913331789 0.5951037869261574 0.13556410774580052 0.621634838542883 0.22146302394417638 0.6385022620872914 0.26737989914839916 0.6685473602757688 0.23989224596491887 0.6657361230183674 0.23239561327851516 0.6555453879602874 0.24145404444125296 0.6522070437171231 0.2408293250507193 0.6486929971453714 0.22083830455364278 0.650625722759835 0.218651786686775 0.662924885760966 0.20771919735243627 0.6502743181026598 0.17554614873995364 0.6427191179733935 0.17991918447368915 0.6379751551015287 0.17929446508315552 0.6351639178441272 0.16523827879614852 0.6358667271584776 0.15899108489081212 0.6428948203019811 0.15211917159494204 0.639907880715992 0.13025399292626455
