1 0.4588541666666667 0.3731481481481482 0.4375 0.37962962962962965 0.41770833333333335 0.39166666666666666 0.42552083333333335 0.46296296296296297 0.43802083333333336 0.5333333333333333 0.46041666666666664 0.5287037037037037 0.47239583333333335 0.5212962962962963 0.47239583333333335 0.5064814814814815 0.4546875 0.44537037037037036 0.4578125 0.42592592592592593 0.46510416666666665 0.4101851851851852
0 0.6588541666666666 0.10833333333333334 0.6588541666666666 0.17037037037037037 0.6625 0.1824074074074074 0.7296875 0.1824074074074074 0.74375 0.17685185185185184 0.7432291666666667 0.1111111111111111
0 0.6427083333333333 0.2351851851851852 0.6421875 0.3148148148148148 0.6651041666666667 0.3148148148148148 0.7286458333333333 0.30092592592592593 0.7276041666666667 0.23333333333333334 0.6765625 0.23148148148148148
1 0.4609375 0.7768518518518519 0.4552083333333333 0.7796296296296297 0.45260416666666664 0.8027777777777778 0.44166666666666665 0.8018518518518518 0.43697916666666664 0.7962962962962963 0.4375 0.7685185185185185 0.4354166666666667 0.7675925925925926 0.3963541666666667 0.8648148148148148 0.39479166666666665 0.8731481481481481 0.396875 0.8787037037037037 0.428125 0.9166666666666666 0.46875 0.812962962962963 0.4666666666666667 0.7888888888888889
1 0.6651041666666667 0.6527777777777778 0.6427083333333333 0.7092592592592593 0.628125 0.7833333333333333 0.6296875 0.7916666666666666 0.6604166666666667 0.8148148148148148 0.6651041666666667 0.812962962962963 0.6739583333333333 0.7731481481481481 0.6895833333333333 0.6777777777777778 0.6875 0.6712962962962963
1 0.5276041666666667 0.5509259259259259 0.5192708333333333 0.6046296296296296 0.5197916666666667 0.6166666666666667 0.54375 0.6351851851851852 0.5520833333333334 0.6620370370370371 0.5630208333333333 0.6620370370370371 0.5671875 0.6370370370370371 0.584375 0.5814814814814815 0.5604166666666667 0.5638888888888889
0 0.5140625 0.25925925925925924 0.49270833333333336 0.2824074074074074 0.48541666666666666 0.2953703703703704 0.51875 0.3972222222222222 0.5307291666666667 0.41944444444444445 0.553125 0.39537037037037037 0.559375 0.3851851851851852 0.5614583333333333 0.375 0.5317708333333333 0.287962962962963
0 0.6822916666666666 0.375 0.6796875 0.3787037037037037 0.6760416666666667 0.40555555555555556 0.6713541666666667 0.5157407407407407 0.6875 0.5259259259259259 0.7088541666666667 0.5324074074074074 0.721875 0.4083333333333333 0.721875 0.38333333333333336
0 0.5208333333333334 0.687962962962963 0.5151041666666667 0.6814814814814815 0.49635416666666665 0.6787037037037037 0.43854166666666666 0.6888888888888889 0.43802083333333336 0.7574074074074074 0.5223958333333333 0.7638888888888888 0.5234375 0.712037037037037
1 0.4473958333333333 0.21944444444444444 0.4453125 0.225 0.4359375 0.3592592592592593 0.44114583333333335 0.36574074074074076 0.475 0.37222222222222223 0.48020833333333335 0.32222222222222224 0.4786458333333333 0.31851851851851853 0.4713541666666667 0.32407407407407407 0.4666666666666667 0.32037037037037036 0.4796875 0.3 0.4864583333333333 0.2759259259259259 0.48854166666666665 0.22685185185185186 0.4864583333333333 0.22314814814814815 0.465625 0.22314814814814815 0.459375 0.2518518518518518 0.4557291666666667 0.22407407407407406
0 0.6979166666666666 0.7037037037037037 0.6807291666666667 0.7518518518518519 0.6802083333333333 0.7592592592592593 0.7302083333333333 0.8194444444444444 0.7505208333333333 0.8388888888888889 0.7708333333333334 0.7833333333333333 0.7708333333333334 0.7722222222222223 0.7458333333333333 0.7425925925925926 0.7020833333333333 0.7027777777777777
1 0.5328125 0.42314814814814816 0.5177083333333333 0.45185185185185184 0.5255208333333333 0.4638888888888889 0.5270833333333333 0.4740740740740741 0.534375 0.48703703703703705 0.5515625 0.4759259259259259 0.553125 0.4824074074074074 0.5401041666666667 0.49907407407407406 0.540625 0.5037037037037037 0.5552083333333333 0.5185185185185185 0.5661458333333333 0.5212962962962963 0.5723958333333333 0.49074074074074076 0.5729166666666666 0.44074074074074077
1 0.6264596458402295 0.5362939629507031 0.6227658674280041 0.5596978181862763 0.6364583333333333 0.5648148148148148 0.6380208333333334 0.5814814814814815 0.6458333333333334 0.5879629629629629 0.65 0.6 0.6640625 0.6037037037037037 0.6729166666666667 0.6129629629629629 0.6880208333333333 0.6166666666666667 0.69375 0.6129629629629629 0.7 0.5592592592592592 0.6989583333333333 0.5527777777777778 0.6692708333333334 0.5351851851851852 0.6261650113648902 0.5220881784545222
0 0.3671875 0.825 0.3296875 0.8453703703703703 0.3375 0.9268518518518518 0.35 0.9898148148148148 0.3854166666666667 0.9722222222222222 0.3880208333333333 0.9648148148148148
0 0.4171875 0.13425925925925927 0.41822916666666665 0.2101851851851852 0.5005208333333333 0.21851851851851853 0.5036458333333333 0.17777777777777778 0.5026041666666666 0.14907407407407408 0.4630208333333333 0.1361111111111111
0 0.37135416666666665 0.39537037037037037 0.33489583333333334 0.4064814814814815 0.33125 0.412962962962963 0.3333333333333333 0.45740740740740743 0.34739583333333335 0.5444444444444444 0.3515625 0.5555555555555556 0.3802083333333333 0.5481481481481482 0.3875 0.5407407407407407 0.3854166666666667 0.5018518518518519
0 0.49114583333333334 0.812037037037037 0.48072916666666665 0.8574074074074074 0.471875 0.9398148148148148 0.49114583333333334 0.9583333333333334 0.5083333333333333 0.9648148148148148 0.5307291666666667 0.8342592592592593 0.528125 0.8287037037037037
0 0.5520833333333334 0.6787037037037037 0.5520833333333334 0.7574074074074074 0.5552083333333333 0.8231481481481482 0.5864583333333333 0.8240740740740741 0.5901041666666667 0.8166666666666667 0.5927083333333333 0.6916666666666667 0.5864583333333333 0.6787037037037037
0 0.48020833333333335 0.4074074074074074 0.4583333333333333 0.4388888888888889 0.45677083333333335 0.45 0.4708333333333333 0.4888888888888889 0.5098958333333333 0.549074074074074 0.5302083333333333 0.5268518518518519 0.5359375 0.5166666666666667 0.5359375 0.5111111111111111 0.48541666666666666 0.4101851851851852
1 0.48020833333333335 0.5324074074074074 0.4640625 0.600925925925926 0.4557291666666667 0.6601851851851852 0.49375 0.6685185185185185 0.503125 0.6370370370370371 0.5166666666666667 0.5592592592592592 0.4859375 0.5333333333333333
0 0.6317708333333333 0.8055555555555556 0.6208333333333333 0.8675925925925926 0.6151041666666667 0.9472222222222222 0.625 0.9555555555555556 0.6520833333333333 0.9666666666666667 0.6703125 0.8222222222222222 0.6692708333333334 0.8185185185185185
0 0.3234375 0.12777777777777777 0.321875 0.2777777777777778 0.3619791666666667 0.27870370370370373 0.3640625 0.19166666666666668 0.3614583333333333 0.12962962962962962
0 0.5286458333333334 0.12314814814814815 0.5411458333333333 0.12962962962962962 0.6078125 0.12962962962962962 0.6119791666666666 0.11666666666666667 0.6151041666666667 0.07962962962962963 0.5328125 0.07777777777777778
1 0.7255208333333333 0.4898148148148148 0.7197916666666667 0.4962962962962963 0.7203125 0.5027777777777778 0.7333333333333333 0.5092592592592593 0.7348958333333333 0.5222222222222223 0.73125 0.5333333333333333 0.7213541666666666 0.5324074074074074 0.7151041666666667 0.5268518518518519 0.7114583333333333 0.5388888888888889 0.7072916666666667 0.5768518518518518 0.70625 0.6342592592592593 0.7161458333333334 0.6388888888888888 0.7473958333333334 0.6407407407407407 0.7494791666666667 0.6333333333333333 0.7541666666666667 0.49537037037037035 0.7526041666666666 0.49166666666666664
1 0.6432291666666666 0.13240740740740742 0.559375 0.13240740740740742 0.5583333333333333 0.18055555555555555 0.559375 0.18425925925925926 0.615625 0.18981481481481483 0.625 0.1935185185185185 0.6296875 0.20277777777777778 0.6395833333333333 0.20277777777777778 0.6427083333333333 0.1935185185185185
1 0.6119791666666666 0.8425925925925926 0.6088541666666667 0.8379629629629629 0.5822916666666667 0.8435185185185186 0.5583333333333333 0.8416666666666667 0.5494791666666666 0.8592592592592593 0.5364583333333334 0.8574074074074074 0.5307291666666667 0.8611111111111112 0.5302083333333333 0.8888888888888888 0.5447916666666667 0.8972222222222223 0.54375 0.9064814814814814 0.5369791666666667 0.9203703703703704 0.5484375 0.9231481481481482 0.6135416666666667 0.9166666666666666 0.6145833333333334 0.8666666666666667
1 0.41041666666666665 0.6759259259259259 0.4041666666666667 0.6759259259259259 0.39739583333333334 0.6851851851851852 0.3859375 0.6833333333333333 0.36041666666666666 0.7537037037037037 0.36354166666666665 0.7638888888888888 0.3880208333333333 0.7972222222222223 0.3927083333333333 0.7935185185185185 0.41875 0.7333333333333333 0.41770833333333335 0.7222222222222222 0.40729166666666666 0.7092592592592593 0.4119791666666667 0.6824074074074075
1 0.5880208333333333 0.42314814814814816 0.5838541666666667 0.4462962962962963 0.5784247822225423 0.497390450370797 0.5703125 0.5472222222222223 0.5703125 0.562962962962963 0.5786458333333333 0.575 0.5984375 0.5805555555555556 0.6100540505541957 0.5578555683977638 0.6119791666666666 0.5416666666666666 0.6234375 0.43703703703703706 0.6 0.425
1 0.4161458333333333 0.5203703703703704 0.4114583333333333 0.5222222222222223 0.409375 0.5342592592592592 0.3984375 0.5564814814814815 0.36822916666666666 0.6398148148148148 0.36875 0.6472222222222223 0.3963541666666667 0.6824074074074075 0.4114583333333333 0.6583333333333333 0.44583333333333336 0.5694444444444444 0.44427083333333334 0.5611111111111111
0 0.5671875 0.2675925925925926 0.5645833333333333 0.2740740740740741 0.5697916666666667 0.4083333333333333 0.5817708333333333 0.4148148148148148 0.6057291666666667 0.4148148148148148 0.6088541666666667 0.3888888888888889 0.6088541666666667 0.26851851851851855
0 0.38958333333333334 0.24074074074074073 0.3859375 0.24444444444444444 0.3484375 0.37037037037037035 0.353125 0.3787037037037037 0.37864583333333335 0.3972222222222222 0.38645833333333335 0.38981481481481484 0.4 0.3537037037037037 0.421875 0.27685185185185185
0 0.7819596930208311 0.20277777777777778 0.7526041666666666 0.20185185185185187 0.7494791666666667 0.2361111111111111 0.7494791666666667 0.34629629629629627 0.7515625 0.35185185185185186 0.7770833333333333 0.3490740740740741 0.7807291666666667 0.2574074074074074
0 0.3091685864373882 0.3145832530387895 0.331137930434877 0.3259451763991069 0.32274963545401764 0.4764906609233132 0.2979841931295757 0.46086801630287666 0.30357638978348195 0.3841750336207339
0 0.5987644845861044 0.6050224189369044 0.5739990422616627 0.6575713144783726 0.5907756322233814 0.682425521829067 0.6387087463997205 0.7094100898098209 0.6634741887241625 0.6554409538483131
1 0.5456386163739952 0.22226762573621017 0.6291221235644527 0.22368786615624986 0.6303204514188612 0.26984567980753954 0.6115466483664617 0.26984567980753954 0.6083511074213723 0.2606141170772816 0.5628146489538501 0.2584837564472221 0.5628146489538501 0.27339628085763873 0.5448397311377229 0.27268616064761886
