1 0.3461129692977238 0.857172913210983 0.31633981064845723 0.9226003482673959 0.2977315864926656 0.9718547094896394 0.3196479393872646 0.9975845996803636 0.339496711820109 0.9975845996803636 0.3783672245010959 0.8931947594779969
1 0.3978024808415893 0.8490863762938982 0.37960777277814867 0.9042218552740215 0.45321363721661323 0.9836169450053991 0.47182186137240484 0.9189246496687211 0.45404066940131504 0.9020164361148166 0.4507325406625077 0.9078975538726964 0.45031902457015677 0.9130435319108413 0.44659737973899843 0.9240706277068659 0.4416351866307873 0.9306868851844806 0.4366729935225762 0.9306868851844806 0.4304702521373124 0.9233354879871309 0.42674860730615405 0.9145138113503112 0.42592157512145223 0.9049569949937565 0.4300567360449615 0.8917244800385269 0.4346054130608216 0.8799622445227673
0 0.383329417609307 0.7461668155310015 0.3700969026540774 0.8071834122690046 0.3705104187464283 0.8204159272242342 0.3820888693322542 0.8314430230202589 0.4499055084778058 0.8608486118096579 0.4627245073406845 0.795421176753245
0 0.47016779700300115 0.8152699491860894 0.4714083452800539 0.8784919650832973 0.4759570222959141 0.9637681725725546 0.5152410510692519 0.9622978931330846 0.5123464384227954 0.8137996697466194
0 0.6442580718827403 0.8726108473254176 0.6405364270515821 0.9380382823818304 0.5913280120618221 0.9387734221015654 0.5739603361830832 0.9417139809805053 0.5557656281196425 0.9299517454647457 0.5590737568584498 0.8534972146123081
0 0.6256498477269488 0.6873556379522034 0.5975307534470858 0.7270531828178921 0.6521148776374078 0.8417349790965485 0.6831285845637273 0.7976265959124499 0.6835421006560781 0.7888049192756301 0.6769258431784634 0.7696912865625207 0.6550094902838643 0.7344045800152419
0 0.6690690374237959 0.6807393804745885 0.6682420052390939 0.7454316758112665 0.7182774524135558 0.7564587716072911 0.7521857719863316 0.7549884921678212 0.7530128041710334 0.6829447996337935
1 0.7244801937988197 0.573408981393282 0.7108341627512391 0.632955298691815 0.7050449374583263 0.6395715561694298 0.6723771661626031 0.6131065262589707 0.6322661052045635 0.5829657977498367 0.6442580718827403 0.5175383626934238 0.6665879408696902 0.5329762968078583 0.6748582627167088 0.5454736720433528 0.6806474880096217 0.541062833724943
0 0.7112278568975419 0.45737685526600047 0.6891464144090261 0.5130654544101643 0.6208479992701287 0.42633730820204035 0.6413888760036316 0.36745346156599834 0.6454970513503323 0.3624323583644754 0.6583350993087717 0.3729310286949325 0.6788759760422746 0.4103610707426491
1 0.7021862444585929 0.43485819681245214 0.7168472759362997 0.45783571983014476 0.7089380352706948 0.4753260731719705 0.7181976340987202 0.4972747518754382 0.7520513222807552 0.5560557747663478 0.7778534497313134 0.5145760653036119 0.7334233492846697 0.42281193627655694 0.7265628190686438 0.44255864758617636 0.7082680718259081 0.426296650037078
0 0.640942952021368 0.48892014197444056 0.6372148722109529 0.5541774706217067 0.5511822612013734 0.5342943782994929 0.5566309932319801 0.4649584666117724 0.5741242908039279 0.46546828949182917
0 0.7535297318729108 0.19790799853859176 0.7470964787797122 0.34758213813687344 0.7756265577147666 0.34708488185913833 0.7820598108079653 0.2516116765339885 0.7842974640577736 0.19890251109406207
0 0.6654221351617129 0.1874656167061535 0.6662612551303911 0.2625513146441619 0.7496138386857465 0.259567776977751 0.7490544253732944 0.19243817948350506 0.7040216537209044 0.18796287298388867 0.6808060012541443 0.18149854137333163 0.6657018418179389 0.18348756648427228
0 0.6573234019279045 0.09996472117390018 0.667644126701001 0.15943740339128382 0.5847224414550877 0.18664299206519336 0.5751134908042738 0.12021074065215845 0.611058083979541 0.10629160226085588
0 0.5786723614156863 0.22207352615214532 0.5804517967213927 0.28850577756518025 0.5818753449659577 0.3005268516303961 0.5953990532893255 0.30369029217387394 0.6651529172730122 0.2891384656738758 0.6644411431507298 0.22080814993475417
0 0.5825871190882402 0.30622104460865623 0.5964667144727492 0.3074864208260474 0.6192434863857899 0.31950749489126323 0.6035844556955745 0.4650257598912445 0.5761811519876976 0.4586988788042888 0.5747576037431325 0.4359221068912482 0.5633692177866122 0.4378201712173349 0.5647927660311772 0.41694146363038115 0.5747576037431325 0.41567608741298995 0.5747576037431325 0.39100125117386275 0.5697751848871548 0.3884704987390804 0.5783164743545451 0.31887480678256763
1 0.5907234653965313 0.6817890374326459 0.5872870287159233 0.7477686217003213 0.5402078461915923 0.7477686217003213 0.5171837204315182 0.750823232083084 0.5048125483813289 0.7471576996237688 0.5058434793855114 0.7080586867244055 0.5542972365820855 0.6769016608202255
0 0.4891282186769716 0.6348259859424525 0.5066900031241501 0.6932207259972683 0.5675058122282682 0.6533272897221961 0.5831162872924269 0.6382949804011545 0.5658797210757517 0.5706495884564668
1 0.4293568820278434 0.677496781841489 0.4622038566092085 0.6459160171646211 0.4890177134103228 0.7162279083319876 0.5020894686008661 0.7442334921020404 0.5087929328011447 0.7680680314808086 0.5084577595911307 0.7734308028410315 0.4754509027716256 0.8075749162521453 0.46580187927725514 0.7816760122323971 0.4703425962157824 0.7594769516440415 0.4686398273638347 0.7527499635869641 0.458234017713043 0.7473683731413022 0.4546392834700423 0.7625040962697264
1 0.33630577307241705 0.5126059579362452 0.3845463552754277 0.6326714069748495 0.41183674177884516 0.5841551643021072 0.3842706948056962 0.5150562732227473 0.3646988014547604 0.46604996749270466 0.3622178572271771 0.4670300936073056
0 0.32004180535825916 0.6439428572927592 0.31838784253987024 0.6708963254442826 0.3239010519345 0.7125516853148187 0.3296899217988613 0.7943922158839898 0.36690408521261236 0.7894915853109856 0.35973691299959365 0.6346316592040512
1 0.37765484353214046 0.641492542006257 0.39033522513978897 0.7022603611115099 0.42699806761407705 0.6733466407307848 0.4683471380738004 0.6385521636624545 0.4542884541174945 0.5792545337291031 0.4134907045972341 0.6032676235368238 0.3900595646700575 0.641492542006257 0.38509767621489066 0.6346316592040512
0 0.42145422927836595 0.43615612099737877 0.40001397052147236 0.4878849992679792 0.43309322688925106 0.5434254790953608 0.45055172330557874 0.5739182915496095 0.46280329973808937 0.5875311542523991 0.49098192553286385 0.5270900438520133
1 0.5111970266465063 0.47263859304085487 0.49435110905180424 0.5924317848254033 0.5188542619168256 0.6038665894957467 0.5121158948789447 0.5809969801550601 0.5133410525221958 0.5750073205658326 0.5151787889870724 0.5744628060577212 0.526205207776332 0.6000549879389655 0.5338624430466511 0.5956988718740728 0.5485643347656638 0.4987752894302109 0.5516272288737915 0.4938746588572066 0.5546901229819191 0.46991602050029696 0.5519335182846042 0.4753611655814128
1 0.4499391444839532 0.29730492142892484 0.4180850457594255 0.3414105965859631 0.44197561980282124 0.4034852505106837 0.45177688094882984 0.41600908419725013 0.4606592738624 0.4377896645217135 0.4652536150245915 0.4334335484568208 0.4744422973489745 0.44650189665149886 0.4793429279219787 0.44160126607849454 0.48577500554904685 0.44051223706227144 0.4983328713923702 0.41927617124591965 0.47291085029491065 0.35230088674819476
0 0.4373812786406298 0.1535530912874667 0.4021579963971617 0.20528196955806713 0.3773485541213277 0.25211021725566335 0.40522089050528937 0.30547263905059857 0.46709135148946807 0.20038133898506288 0.44075046215957026 0.15464212030368985
0 0.3779611329429532 0.09583455342763877 0.37489823883482554 0.136128627027896 0.3975636552349702 0.14756343169823924 0.42084165045674043 0.14974148973068557 0.4582089585758979 0.1530085767793551 0.4637221679705277 0.10618032908175887
0 0.5010894760896851 0.08494426326540709 0.5035397913761872 0.22815157889875365 0.5424385465494086 0.22542900635819577 0.5442762830142852 0.14211828661712342 0.5473391771224129 0.10345775654120094 0.5424385465494086 0.07895460367617968
1 0.31636533833080804 0.10781183704736802 0.3106892841020211 0.2602354687350262 0.32861366587713775 0.2660774894617309 0.33130232314340524 0.23049427230816616 0.33369224071342074 0.11206057939406232
0 0.3298086246621455 0.2793548092951506 0.3444468697784907 0.12852445598750276 0.3823868112024875 0.14127068302758566 0.3785031951512122 0.21827913806141996 0.37073596304866174 0.29210103633523354
0 0.3868679066462667 0.3483968724289331 0.37700949666995254 0.41850112114938914 0.29485608020066806 0.39300866706922327 0.3053119695694861 0.3271531606954615 0.3501229240072776 0.33511955259551335 0.3731258806186773 0.33671283097552374 0.38388050968374726 0.3420237589088916
0 0.5080993772896529 0.3213825323124467 0.5056970161677161 0.3411352793150389 0.5105017384115899 0.38651321161829133 0.5144055752347374 0.4553808971138156 0.5531436483259697 0.4564486131680098 0.551041582344275 0.3181793841498641 0.5291200371066008 0.3181793841498641
0 0.4923315118779911 0.23236410615782566 0.4932370879268164 0.29461407455114613 0.5801723886140399 0.29461407455114613 0.5783612365163894 0.23343738147495188
