0 0.6421875 0.7324074074074074 0.6354166666666666 0.7851851851851852 0.6369791666666667 0.8101851851851852 0.6572916666666667 0.8203703703703704 0.70625 0.8314814814814815 0.7177083333333333 0.8296296296296296 0.7234375 0.7851851851851852 0.7234375 0.7638888888888888
1 0.5255208333333333 0.49907407407407406 0.49322916666666666 0.5268518518518519 0.49322916666666666 0.5333333333333333 0.5359375 0.6564814814814814 0.5463541666666667 0.6435185185185185 0.5416666666666666 0.6361111111111111 0.5416666666666666 0.6231481481481481 0.5453125 0.6175925925925926 0.5572916666666666 0.6129629629629629 0.5583333333333333 0.5898148148148148 0.5463541666666667 0.5787037037037037 0.5458333333333333 0.5453703703703704 0.5333333333333333 0.5074074074074074 0.5286458333333334 0.49907407407407406
1 0.7375 0.8685185185185185 0.7229166666666667 0.8768518518518519 0.7161458333333334 0.899074074074074 0.7083333333333334 0.9074074074074074 0.6989583333333333 0.8944444444444445 0.6942708333333333 0.8935185185185185 0.68125 0.9296296296296296 0.6692708333333334 0.9537037037037037 0.6713541666666667 0.9722222222222222 0.678125 0.9953703703703703 0.6911458333333333 0.9916666666666667 0.7505208333333333 0.9296296296296296 0.7505208333333333 0.9185185185185185
0 0.5427083333333333 0.8046296296296296 0.5375 0.8351851851851851 0.5260416666666666 0.9481481481481482 0.5526041666666667 0.9611111111111111 0.5651041666666666 0.962037037037037 0.5708333333333333 0.9342592592592592 0.5786458333333333 0.8175925925925925 0.5703125 0.8111111111111111
0 0.7182291666666667 0.3148148148148148 0.7072916666666667 0.3472222222222222 0.7015625 0.3814814814814815 0.715625 0.40370370370370373 0.7395833333333334 0.42962962962962964 0.7666666666666667 0.45092592592592595 0.7734375 0.45185185185185184 0.7901041666666667 0.40185185185185185 0.7901041666666667 0.39351851851851855 0.7229166666666667 0.31574074074074077
1 0.6588541666666666 0.1398148148148148 0.6552083333333333 0.1398148148148148 0.63125 0.16574074074074074 0.621875 0.18333333333333332 0.609375 0.19074074074074074 0.609375 0.21296296296296297 0.6067708333333334 0.22037037037037038 0.590625 0.22407407407407406 0.5911458333333334 0.24351851851851852 0.60625 0.2490740740740741 0.6104166666666667 0.2740740740740741 0.615625 0.27314814814814814 0.6729166666666667 0.20185185185185187 0.6692708333333334 0.17222222222222222
0 0.5135416666666667 0.6611111111111111 0.47552083333333334 0.7925925925925926 0.4786458333333333 0.8009259259259259 0.5135416666666667 0.8212962962962963 0.5286458333333334 0.7685185185185185 0.54375 0.6935185185185185 0.5432291666666667 0.687037037037037
1 0.37395833333333334 0.7768518518518519 0.35520833333333335 0.8046296296296296 0.3151041666666667 0.8768518518518519 0.3145833333333333 0.8861111111111111 0.3171875 0.8944444444444445 0.3390625 0.9296296296296296 0.3458333333333333 0.9277777777777778 0.35572916666666665 0.9092592592592592 0.3625 0.8870370370370371 0.37395833333333334 0.8777777777777778 0.3828125 0.8648148148148148 0.3848958333333333 0.799074074074074
1 0.678125 0.0962962962962963 0.6708333333333333 0.15 0.671875 0.1675925925925926 0.6875 0.1648148148148148 0.70625 0.1537037037037037 0.7401041666666667 0.15 0.7458333333333333 0.1574074074074074 0.7494791666666667 0.16944444444444445 0.7536458333333333 0.16944444444444445 0.7598958333333333 0.12962962962962962 0.7598958333333333 0.11666666666666667 0.7541666666666667 0.10462962962962963 0.703125 0.09907407407407408 0.6817708333333333 0.09166666666666666
0 0.3625 0.10833333333333334 0.3265625 0.12685185185185185 0.346875 0.2537037037037037 0.37604166666666666 0.24259259259259258 0.3854166666666667 0.23333333333333334 0.38697916666666665 0.22685185185185186 0.384375 0.19814814814814816
0 0.30833333333333335 0.9416666666666667 0.309375 0.9962962962962963 0.3640625 0.9990740740740741 0.39375 0.9972222222222222 0.396875 0.9935185185185185 0.39479166666666665 0.9527777777777777 0.39114583333333336 0.9314814814814815 0.3489583333333333 0.9314814814814815 0.3151041666666667 0.937037037037037
0 0.6098958333333333 0.0824074074074074 0.5703125 0.0962962962962963 0.5296875 0.11944444444444445 0.5291666666666667 0.1287037037037037 0.5395833333333333 0.18703703703703703 0.5432291666666667 0.18981481481481483 0.6182291666666667 0.14907407407407408 0.6197916666666666 0.1361111111111111
0 0.7151041666666667 0.5277777777777778 0.7125 0.5361111111111111 0.7125 0.5777777777777777 0.7192708333333333 0.587037037037037 0.7203125 0.5962962962962963 0.7135416666666666 0.6157407407407407 0.7125 0.6703703703703704 0.7197916666666667 0.6759259259259259 0.7546875 0.674074074074074 0.7557291666666667 0.6157407407407407 0.7526041666666666 0.5287037037037037
1 0.33229166666666665 0.5898148148148148 0.3260416666666667 0.6231481481481481 0.3255208333333333 0.7407407407407407 0.3645833333333333 0.7416666666666667 0.36822916666666666 0.7314814814814815 0.37135416666666665 0.6962962962962963 0.37135416666666665 0.6648148148148149 0.36666666666666664 0.6222222222222222 0.3625 0.6175925925925926 0.3541666666666667 0.6324074074074074 0.3546875 0.6037037037037037 0.34010416666666665 0.5898148148148148
1 0.3953125 0.21203703703703702 0.390625 0.2111111111111111 0.3932291666666667 0.2462962962962963 0.38958333333333334 0.25277777777777777 0.3651041666666667 0.26786956520165 0.34917826089258686 0.2766618356543444 0.34791666666666665 0.2657407407407407 0.3375 0.26666666666666666 0.3203125 0.2777777777777778 0.3223958333333333 0.29444444444444445 0.33697916666666666 0.337037037037037 0.3421875 0.33611111111111114 0.38697916666666665 0.29814814814814816 0.4119791666666667 0.26851851851851855
0 0.43020833333333336 0.7509259259259259 0.403125 0.7518518518518519 0.39166666666666666 0.7564814814814815 0.3885416666666667 0.762962962962963 0.3885416666666667 0.8101851851851852 0.39895833333333336 0.9064814814814814 0.43333333333333335 0.9018518518518519 0.4375 0.8981481481481481 0.4328125 0.762962962962963
0 0.42135416666666664 0.3861111111111111 0.41302083333333334 0.3851851851851852 0.34010416666666665 0.4203703703703704 0.3385416666666667 0.43148148148148147 0.34375 0.47962962962962963 0.35104166666666664 0.4861111111111111 0.36875 0.4861111111111111 0.4265625 0.46111111111111114 0.428125 0.4388888888888889
0 0.6223958333333334 0.8101851851851852 0.6083333333333333 0.850925925925926 0.60625 0.8638888888888889 0.6598958333333333 0.937962962962963 0.6666666666666666 0.9435185185185185 0.6723958333333333 0.9425925925925925 0.6916666666666667 0.8981481481481481 0.69375 0.8851851851851852 0.6479166666666667 0.8277777777777777 0.6291666666666667 0.8101851851851852
0 0.47291666666666665 0.337037037037037 0.4432291666666667 0.3388888888888889 0.43854166666666666 0.3435185185185185 0.4390625 0.40925925925925927 0.4432291666666667 0.48333333333333334 0.44583333333333336 0.49166666666666664 0.46927083333333336 0.49166666666666664 0.4822916666666667 0.4842592592592593 0.48020833333333335 0.42314814814814816
1 0.640625 0.2935185185185185 0.6369791666666667 0.3638888888888889 0.6578125 0.37407407407407406 0.6682291666666667 0.3731481481481482 0.675 0.3333333333333333 0.6828125 0.3111111111111111 0.6828125 0.30277777777777776
0 0.3104166666666667 0.4722222222222222 0.29322916666666665 0.5342592592592592 0.29375 0.5398148148148149 0.37083333333333335 0.6018518518518519 0.38229166666666664 0.562962962962963 0.3848958333333333 0.5342592592592592 0.34479166666666666 0.49537037037037035
0 0.4984375 0.8972222222222223 0.4557291666666667 0.8962962962962963 0.4166666666666667 0.9055555555555556 0.41302083333333334 0.9111111111111111 0.4119791666666667 0.9712962962962963 0.43802083333333336 0.975925925925926 0.4947916666666667 0.975 0.49895833333333334 0.9685185185185186
0 0.39114583333333336 0.5675925925925925 0.3729166666666667 0.6018518518518519 0.3697916666666667 0.612037037037037 0.3703125 0.6222222222222222 0.39375 0.6759259259259259 0.42239583333333336 0.725925925925926 0.42552083333333335 0.725 0.44895833333333335 0.6824074074074075 0.44895833333333335 0.662962962962963 0.4166666666666667 0.6138888888888889 0.39739583333333334 0.5740740740740741
1 0.5744791666666667 0.5055555555555555 0.5677083333333334 0.6370370370370371 0.6041666666666666 0.649074074074074 0.6088541666666667 0.6203703703703703 0.6057291666666667 0.5888888888888889 0.5947916666666667 0.5796296296296296 0.5994791666666667 0.5685185185185185 0.6041666666666666 0.5287037037037037 0.6036458333333333 0.5148148148148148 0.596875 0.5092592592592593
1 0.684375 0.42314814814814816 0.6776041666666667 0.45740740740740743 0.678125 0.48703703703703705 0.7213541666666666 0.5092592592592593 0.7489583333333333 0.5148148148148148 0.7427083333333333 0.49537037037037035 0.7505208333333333 0.4666666666666667 0.7453125 0.4546296296296296 0.7328125 0.44074074074074077 0.7171875 0.4305555555555556 0.69375 0.4212962962962963
0 0.43020833333333336 0.12962962962962962 0.41354166666666664 0.18611111111111112 0.4588541666666667 0.24351851851851852 0.4796875 0.26481481481481484 0.48541666666666666 0.26481481481481484 0.5026041666666666 0.21296296296296297 0.5020833333333333 0.20185185185185187 0.4661458333333333 0.16018518518518518
1 0.596875 0.6546296296296297 0.5927083333333333 0.662962962962963 0.5895833333333333 0.6925925925925925 0.571875 0.7861111111111111 0.5755208333333334 0.7925925925925926 0.6114583333333333 0.8101851851851852 0.6265625 0.7324074074074074 0.63125 0.6694444444444444 0.6291666666666667 0.6657407407407407 0.6197916666666666 0.6685185185185185 0.6130208333333333 0.6555555555555556
0 0.5510416666666667 0.18796296296296297 0.546875 0.19537037037037036 0.540625 0.3314814814814815 0.5453125 0.33796296296296297 0.5817708333333333 0.3425925925925926 0.5854166666666667 0.3138888888888889 0.5864583333333333 0.18888888888888888
1 0.4390625 0.562962962962963 0.42239583333333336 0.5814814814814815 0.42291666666666666 0.6018518518518519 0.4328125 0.5805555555555556 0.4348958333333333 0.5898148148148148 0.4296875 0.6074074074074074 0.4296875 0.6157407407407407 0.4375 0.6333333333333333 0.4473958333333333 0.6481481481481481 0.46145833333333336 0.6351851851851852 0.46510416666666665 0.637962962962963 0.44947916666666665 0.6907407407407408 0.45729166666666665 0.7166666666666667 0.4625 0.7222222222222222 0.48854166666666665 0.6805555555555556 0.48802083333333335 0.6731481481481482 0.45416666666666666 0.5824074074074074 0.4432291666666667 0.5638888888888889
1 0.7375 0.15555555555555556 0.7046875 0.16111111111111112 0.6963541666666667 0.1685185185185185 0.70625 0.29444444444444445 0.7114583333333333 0.30925925925925923 0.7260416666666667 0.3037037037037037 0.7364583333333333 0.2824074074074074 0.7442708333333333 0.29259259259259257 0.7458333333333333 0.29074074074074074 0.7427083333333333 0.19444444444444445
0 0.5734375 0.4148148148148148 0.5640625 0.4638888888888889 0.5651041666666666 0.4842592592592593 0.5911458333333334 0.49907407407407406 0.6182291666666667 0.5046296296296297 0.6364583333333333 0.5148148148148148 0.6447916666666667 0.512962962962963 0.6536458333333334 0.4666666666666667 0.6536458333333334 0.4537037037037037 0.6067708333333334 0.42777777777777776
1 0.6671875 0.5259259259259259 0.6552083333333333 0.5518518518518518 0.6541666666666667 0.5666666666666667 0.6645833333333333 0.6388888888888888 0.6671875 0.6462962962962963 0.6703125 0.6472222222222223 0.6864583333333333 0.6111111111111112 0.7010416666666667 0.5638888888888889
1 0.765625 0.10925925925925926 0.7526041666666666 0.2111111111111111 0.753125 0.23333333333333334 0.7572916666666667 0.2657407407407407 0.7765625 0.2657407407407407 0.7973958333333333 0.12685185185185185 0.7901041666666667 0.11944444444444445
1 0.49583333333333335 0.33425925925925926 0.4828125 0.37037037037037035 0.4864583333333333 0.3925925925925926 0.5057291666666667 0.425 0.5427083333333333 0.4722222222222222 0.5463541666666667 0.47129629629629627 0.565625 0.41203703703703703 0.53125 0.36944444444444446
1 0.3828365922301195 0.3097516892250877 0.3556874981671218 0.35007439433131216 0.36943387490788016 0.3891751992828026 0.3690902154893612 0.363515296033387 0.3714958314189939 0.3659590963428551 0.3773380415338162 0.39284089974700476 0.38455488932271437 0.39406279990173887 0.40929836745607934 0.3855094988186003 0.40586177327088974 0.34640869386711
1 0.5044757299365333 0.44760208483556024 0.4684637345719364 0.5772863074590661 0.4324517392073394 0.5488323851956808 0.4469180963196135 0.49903802123475666 0.48446906584509064 0.4930189222944251 0.4924717314816677 0.48645263254133625 0.4903171676564354 0.421884116635962 0.5004743971182448 0.42899759720180836 0.49277952631384375 0.4618290459672528 0.4952418849712521 0.4651121908437973
0 0.6352281646394259 0.6443148277493379 0.6370387912369729 0.6475337194783106 0.6651035034989524 0.6475337194783106 0.6433759843283877 0.5187780503194087 0.611388247771723 0.5059024834035185
