0 0.4015625 0.44166666666666665 0.38177083333333334 0.49722222222222223 0.38177083333333334 0.5037037037037037 0.4166666666666667 0.5462962962962963 0.45 0.5768518518518518 0.45416666666666666 0.575 0.471875 0.5268518518518519 0.471875 0.5203703703703704 0.4078125 0.44537037037037036
0 0.7026041666666667 0.35185185185185186 0.6604166666666667 0.35648148148148145 0.6213541666666667 0.3712962962962963 0.6203125 0.38425925925925924 0.6270833333333333 0.44166666666666665 0.634375 0.44537037037037036 0.7083333333333334 0.41759259259259257 0.7083333333333334 0.38796296296296295
1 0.48854166666666665 0.12962962962962962 0.4864583333333333 0.2 0.503125 0.2101851851851852 0.5677083333333334 0.20833333333333334 0.5666666666666667 0.2 0.5567708333333333 0.19074074074074074 0.5598958333333334 0.1675925925925926 0.5520833333333334 0.16666666666666666 0.5427083333333333 0.15833333333333333 0.5338541666666666 0.175 0.5234375 0.1638888888888889 0.5265625 0.14074074074074075 0.5229166666666667 0.13240740740740742
0 0.5453125 0.07222222222222222 0.5328125 0.11574074074074074 0.5328125 0.125 0.6083333333333333 0.1787037037037037 0.6109375 0.17685185185185184 0.6234375 0.1361111111111111 0.6229166666666667 0.125 0.5515625 0.06759259259259259
0 0.3651041666666667 0.5444444444444444 0.35989583333333336 0.5509259259259259 0.34322916666666664 0.5935185185185186 0.32083333333333336 0.6722222222222223 0.35208333333333336 0.7083333333333334 0.35572916666666665 0.7037037037037037 0.396875 0.5879629629629629 0.3963541666666667 0.5805555555555556
0 0.6776041666666667 0.5351851851851852 0.6552083333333333 0.5472222222222223 0.6432291666666666 0.5611111111111111 0.65625 0.6685185185185185 0.6671875 0.6981481481481482 0.69375 0.6814814814814815 0.7036458333333333 0.6703703703703704 0.7015625 0.6472222222222223
0 0.3265625 0.08282841591402175 0.30625 0.1346802677658736 0.3067708333333333 0.142087675173281 0.3770833333333333 0.22542100850661434 0.39739583333333334 0.16893952702513285 0.39739583333333334 0.1633839714695773 0.37395833333333334 0.13005063813624396
0 0.6682291666666667 0.9046296296296297 0.6677083333333333 0.962037037037037 0.6703125 0.9796296296296296 0.7427083333333333 0.9777777777777777 0.753125 0.9731481481481481 0.7520833333333333 0.9175925925925926 0.7489583333333333 0.9064814814814814 0.6776041666666667 0.8981481481481481
0 0.6880208333333333 0.2564814814814815 0.684375 0.2518518518518518 0.678125 0.2518518518518518 0.6067708333333334 0.2777777777777778 0.6119791666666666 0.3490740740740741 0.6385416666666667 0.3490740740740741 0.6932291666666667 0.3194444444444444 0.6911458333333333 0.2712962962962963
1 0.7291666666666666 0.3175925925925926 0.7307291666666667 0.3351851851851852 0.7145833333333333 0.34629629629629627 0.7098958333333333 0.4564814814814815 0.7125 0.46111111111111114 0.74375 0.4722222222222222 0.7479166666666667 0.45925925925925926 0.7588541666666667 0.3296296296296296 0.75625 0.32314814814814813
1 0.47291666666666665 0.5944444444444444 0.4500504926354301 0.6576503504867316 0.45605955801041215 0.6693561437023633 0.46197669626263826 0.6616999374431201 0.46927083333333336 0.6685185185185185 0.4851773789776677 0.6901489865224761 0.49190348395163713 0.6925086836798954 0.5000480222314017 0.7025275149828138 0.5239583333333333 0.7314814814814815 0.5447916666666667 0.675 0.5432291666666667 0.6703703703703704
1 0.7447916666666666 0.49722222222222223 0.7322916666666667 0.4935185185185185 0.6864583333333333 0.5185185185185185 0.6854166666666667 0.524074074074074 0.6994791666666667 0.5203703703703704 0.7036458333333333 0.5296296296296297 0.7026041666666667 0.5425925925925926 0.6890625 0.5555555555555556 0.6901041666666666 0.5722222222222222 0.6958333333333333 0.5740740740740741 0.7078125 0.5675925925925925 0.7135416666666666 0.5842592592592593 0.7489583333333333 0.5731481481481482
0 0.40520833333333334 0.75 0.3984375 0.75 0.325 0.799074074074074 0.325 0.8092592592592592 0.3390625 0.8694444444444445 0.34739583333333335 0.8675925925925926 0.3885416666666667 0.8407407407407408 0.41458333333333336 0.8185185185185185 0.41458333333333336 0.8
0 0.7411458333333333 0.7574074074074074 0.7302083333333333 0.7620370370370371 0.665625 0.8212962962962963 0.6822916666666666 0.8787037037037037 0.6901041666666666 0.8787037037037037 0.7161458333333334 0.8564814814814815 0.7541666666666667 0.8138888888888889 0.7510416666666667 0.7916666666666666
1 0.5583333333333333 0.4462962962962963 0.5364583333333334 0.44722222222222224 0.5354166666666667 0.4537037037037037 0.5385416666666667 0.46574074074074073 0.5317708333333333 0.4777777777777778 0.5208333333333334 0.4648148148148148 0.5213541666666667 0.5583333333333333 0.525 0.5972222222222222 0.5291666666666667 0.6055555555555555 0.5567708333333333 0.6018518518518519 0.5682291666666667 0.5953703703703703
0 0.4161458333333333 0.6611111111111111 0.3958333333333333 0.7157407407407408 0.3958333333333333 0.7324074074074074 0.43697916666666664 0.7731481481481481 0.46927083333333336 0.7972222222222223 0.4869791666666667 0.7398148148148148
0 0.490625 0.20555555555555555 0.44583333333333336 0.2638888888888889 0.43072916666666666 0.29259259259259257 0.43072916666666666 0.3037037037037037 0.45416666666666666 0.35185185185185186 0.46145833333333336 0.3472222222222222 0.5171875 0.25092592592592594 0.5095646185215783 0.23686775526851456
0 0.7645833333333333 0.18518518518518517 0.7239583333333334 0.2101851851851852 0.6921875 0.2462962962962963 0.6953125 0.2722222222222222 0.7057291666666666 0.30462962962962964 0.7802083333333333 0.24351851851851852 0.7770833333333333 0.225
0 0.7536458333333333 0.4685185185185185 0.7526041666666666 0.6185185185185185 0.7802083333333333 0.6185185185185185 0.7828125 0.6138888888888889 0.7807291666666667 0.6074074074074074 0.78125 0.5138888888888888 0.7848958333333333 0.47129629629629627
0 0.5348958333333333 0.2916666666666667 0.5302083333333333 0.2962962962962963 0.5098958333333333 0.34074074074074073 0.4859375 0.4064814814814815 0.5005208333333333 0.4324074074074074 0.5130208333333334 0.44722222222222224 0.5203125 0.4388888888888889 0.565625 0.3453703703703704 0.565625 0.33796296296296297
0 0.7515625 0.6583333333333333 0.7442708333333333 0.6574074074074074 0.7041666666666667 0.674074074074074 0.6703125 0.6990740740740741 0.6697916666666667 0.712037037037037 0.6786458333333333 0.762962962962963 0.6890625 0.7657407407407407 0.7208333333333333 0.7425925925925926 0.7567708333333333 0.7240740740740741 0.7578125 0.7138888888888889
0 0.43125 0.1712962962962963 0.42083333333333334 0.18425925925925926 0.3734375 0.27685185185185185 0.378125 0.2916666666666667 0.4010416666666667 0.3287037037037037 0.40520833333333334 0.3277777777777778 0.4328125 0.28055555555555556 0.4552083333333333 0.22592592592592592 0.45260416666666664 0.2101851851851852
0 0.4166666666666667 0.8203703703703704 0.3796875 0.8518518518518519 0.4114583333333333 0.9879629629629629 0.4140625 0.9898148148148148 0.44583333333333336 0.9629629629629629 0.4265625 0.85
0 0.673302403940715 0.08534880787663328 0.6473304818716985 0.1385169177014212 0.692584588507106 0.24135523538884002 0.7173759686638945 0.1972816706656605
1 0.6034006313211546 0.5886777156447711 0.5921120671717166 0.5705204484414421 0.5918432918348252 0.5676535115146008 0.5891555384659114 0.5657422202300398 0.5861990097601062 0.5647865745877594 0.5732977935893199 0.5432845476364487 0.5792108510009302 0.5279942173599612 0.586736560433889 0.5256051032542599 0.58888676312902 0.5232159891485588 0.5880804371183459 0.507447836050931 0.5945310452037391 0.49311315141672385 0.6332346937160982 0.5342059140347842 0.6402228524752741 0.5509297127746925 0.646404685223776 0.6192583761977463 0.6458671345499932 0.6240366044091487 0.6251714336093567 0.5451958389210096 0.6146891954705928 0.5533188268803937 0.6058196093531772 0.5638309289454789 0.6039381819949374 0.571953916904863 0.6034006313211546 0.5805547276853871
