0 0.6859375 0.38425925925925924 0.6822916666666666 0.3787037037037037 0.6682291666666667 0.3787037037037037 0.603125 0.3972222222222222 0.6020833333333333 0.46296296296296297 0.6072916666666667 0.46574074074074073 0.6875 0.45740740740740743 0.6890625 0.4101851851851852
0 0.5979166666666667 0.7453703703703703 0.5786458333333333 0.8 0.578125 0.8111111111111111 0.6484375 0.8777777777777778 0.6645833333333333 0.8231481481481482 0.6645833333333333 0.8138888888888889 0.6171875 0.7583333333333333 0.6010416666666667 0.7444444444444445
0 0.7786458333333334 0.33796296296296297 0.7046875 0.3537037037037037 0.7 0.36018518518518516 0.6979166666666666 0.3712962962962963 0.7015625 0.42777777777777776 0.7083333333333334 0.42962962962962964 0.784375 0.40370370370370373 0.7848958333333333 0.38425925925925924
1 0.41302083333333334 0.10277777777777777 0.409375 0.10462962962962963 0.3651041666666667 0.22314814814814815 0.365625 0.23055555555555557 0.38281415621147924 0.25270437383500616 0.39479166666666665 0.2537037037037037 0.4005208333333333 0.2657407407407407 0.4427083333333333 0.1574074074074074 0.44479166666666664 0.14629629629629629
0 0.534375 0.7425925925925926 0.49375 0.7398148148148148 0.4515625 0.7472222222222222 0.44895833333333335 0.75 0.44947916666666665 0.8138888888888889 0.45416666666666666 0.8185185185185185 0.5317708333333333 0.8185185185185185 0.534375 0.8148148148148148 0.5348958333333333 0.8027777777777778
0 0.45989583333333334 0.5814814814814815 0.45729166666666665 0.5805555555555556 0.4296875 0.6064814814814815 0.3875 0.6527777777777778 0.39375 0.6861111111111111 0.4036458333333333 0.7166666666666667 0.4109375 0.7157407407407408 0.4270833333333333 0.6935185185185185 0.478125 0.6472222222222223 0.478125 0.6370370370370371
1 0.4744590809526716 0.24940620607837158 0.4609375 0.26666666666666666 0.47552083333333334 0.26296296296296295 0.4796875 0.27037037037037037 0.47760416666666666 0.2898148148148148 0.46145833333333336 0.29814814814814816 0.4630208333333333 0.32222222222222224 0.465625 0.32685185185185184 0.48333333333333334 0.32592592592592595 0.4864583333333333 0.34814814814814815 0.4942708333333333 0.36944444444444446 0.5046875 0.38055555555555554 0.525 0.3398148148148148 0.5299134316722646 0.32751564296793895 0.4881590393129774 0.2646410040599381 0.48413902547073795 0.26878018043584945
1 0.3182291666666667 0.22592592592592592 0.3109375 0.32314814814814813 0.3109375 0.3731481481481482 0.3338541666666667 0.3814814814814815 0.34427083333333336 0.38055555555555554 0.35520833333333335 0.3638888888888889 0.3546875 0.3425925925925926 0.3489583333333333 0.31296296296296294 0.3383302494431836 0.3157162727598169 0.33624691610985025 0.3105610380269329 0.35052083333333334 0.29074074074074074 0.35572916666666665 0.27037037037037037 0.359375 0.23333333333333334
1 0.7041666666666667 0.7657407407407407 0.690625 0.7657407407407407 0.6802083333333333 0.8009259259259259 0.6677083333333333 0.7944444444444444 0.6677083333333333 0.850925925925926 0.6723958333333333 0.9185185185185185 0.709375 0.9148148148148149 0.7125 0.9101851851851852 0.7114583333333333 0.8462962962962963
0 0.42135416666666664 0.8148148148148148 0.4109375 0.8435185185185186 0.4 0.8953703703703704 0.3963541666666667 0.9574074074074074 0.40208333333333335 0.9648148148148148 0.4354166666666667 0.9768518518518519 0.43802083333333336 0.9694444444444444 0.4546875 0.8324074074074074 0.4479166666666667 0.825925925925926
0 0.33697916666666666 0.8027777777777778 0.3333333333333333 0.8175925925925925 0.32083333333333336 0.9453703703703704 0.325 0.950925925925926 0.35833333333333334 0.9629629629629629 0.3729166666666667 0.8740740740740741 0.3770833333333333 0.8222222222222222 0.37395833333333334 0.8157407407407408
0 0.5645833333333333 0.4083333333333333 0.5598958333333334 0.4009259259259259 0.5119791666666667 0.4074074074074074 0.48125 0.4203703703703704 0.4822916666666667 0.48703703703703705 0.49375 0.4888888888888889 0.565625 0.47962962962962963 0.5666666666666667 0.4287037037037037
1 0.375 0.6675925925925926 0.35885416666666664 0.7194444444444444 0.3572916666666667 0.7333333333333333 0.37864583333333335 0.7592592592592593 0.42916666666666664 0.8009259259259259 0.4322916666666667 0.8 0.44635416666666666 0.7490740740740741 0.44635416666666666 0.7379629629629629 0.421875 0.7111111111111111 0.41770833333333335 0.7194444444444444 0.4197916666666667 0.7435185185185185 0.415625 0.7453703703703703 0.39895833333333336 0.7138888888888889 0.39010416666666664 0.6833333333333333 0.3828125 0.6722222222222223
0 0.43020833333333336 0.4648148148148148 0.425 0.4648148148148148 0.4015625 0.49074074074074076 0.3625 0.5472222222222223 0.3619791666666667 0.5574074074074075 0.365625 0.5712962962962963 0.3802083333333333 0.6083333333333333 0.3890625 0.6037037037037037 0.40677083333333336 0.5796296296296296 0.4390625 0.5453703703703704 0.44895833333333335 0.5287037037037037 0.4473958333333333 0.5120370370370371
1 0.565625 0.6712962962962963 0.5317708333333333 0.6972222222222222 0.54375 0.7583333333333333 0.5635416666666667 0.8231481481481482 0.5723958333333333 0.8111111111111111 0.5776041666666667 0.7777777777777778 0.5890625 0.7462962962962963 0.5786458333333333 0.7046296296296296
1 0.6625 0.17685185185185184 0.6333333333333333 0.24814814814814815 0.6317708333333333 0.26944444444444443 0.6223958333333334 0.2796296296296296 0.61875 0.29074074074074074 0.634375 0.3148148148148148 0.6505208333333333 0.32685185185185184 0.6578125 0.32037037037037036 0.6697916666666667 0.27870370370370373 0.6921875 0.22592592592592592 0.6729166666666667 0.20277777777777778
0 0.453125 0.275 0.41875 0.2898148148148148 0.41302083333333334 0.2972222222222222 0.415625 0.3388888888888889 0.434375 0.4305555555555556 0.4609375 0.41944444444444445 0.46927083333333336 0.41203703703703703
0 0.7171875 0.6907407407407408 0.7135416666666666 0.6990740740740741 0.7119791666666667 0.7305555555555555 0.7119791666666667 0.8333333333333334 0.7177083333333333 0.8407407407407408 0.7536458333333333 0.8407407407407408 0.7557291666666667 0.8333333333333334 0.7552083333333334 0.6916666666666667
0 0.5869791666666667 0.5231481481481481 0.5822916666666667 0.5212962962962963 0.5598958333333334 0.5342592592592592 0.5098958333333333 0.5703703703703704 0.5088541666666667 0.5861111111111111 0.5182291666666666 0.6296296296296297 0.5557291666666667 0.6101851851851852 0.5958333333333333 0.5777777777777777
1 0.6697916666666667 0.4666666666666667 0.6520833333333333 0.46574074074074073 0.6489583333333333 0.49444444444444446 0.6411458333333333 0.5 0.6359375 0.49537037037037035 0.6354166666666666 0.475 0.63125 0.46944444444444444 0.6208333333333333 0.47314814814814815 0.6197916666666666 0.49444444444444446 0.6135416666666667 0.5018518518518519 0.6057291666666667 0.5 0.6 0.47685185185185186 0.5963541666666666 0.47685185185185186 0.5932291666666667 0.4925925925925926 0.5979166666666667 0.5027777777777778 0.5916666666666667 0.5120370370370371 0.5921875 0.5416666666666666 0.5973958333333333 0.549074074074074 0.6052083333333333 0.5361111111111111 0.6104166666666667 0.5351851851851852 0.615625 0.5407407407407407 0.6166666666666667 0.5509259259259259 0.6229166666666667 0.5453703703703704 0.6739583333333333 0.5287037037037037 0.6744791666666666 0.5083333333333333
0 0.68125 0.5722222222222222 0.6713541666666667 0.6259259259259259 0.6734375 0.6370370370370371 0.7213541666666666 0.6731481481481482 0.7473958333333334 0.6805555555555556 0.7515625 0.6759259259259259 0.7614583333333333 0.6231481481481481 0.7604166666666666 0.6101851851851852 0.6973958333333333 0.575925925925926
1 0.7619791666666667 0.4648148148148148 0.7557291666666667 0.4583333333333333 0.7140625 0.4638888888888889 0.6864583333333333 0.4638888888888889 0.6838541666666667 0.4898148148148148 0.6744791666666666 0.49537037037037035 0.6765625 0.5296296296296297 0.6786458333333333 0.5333333333333333 0.6953125 0.5305555555555556 0.7177083333333333 0.537962962962963 0.7609375 0.5398148148148149
1 0.6161458333333333 0.38333333333333336 0.6098958333333333 0.37592592592592594 0.5958333333333333 0.37222222222222223 0.59375 0.3685185185185185 0.5927083333333333 0.3416666666666667 0.5619791666666667 0.35648148148148145 0.5645833333333333 0.40370370370370373 0.56875 0.4212962962962963 0.5984375 0.41574074074074074 0.6005208333333333 0.39537037037037037
0 0.3265625 0.6324074074074074 0.3145833333333333 0.7064814814814815 0.3067708333333333 0.774074074074074 0.31875 0.7851851851851852 0.3416666666666667 0.7916666666666666 0.3489583333333333 0.7481481481481481 0.3572916666666667 0.6444444444444445 0.35104166666666664 0.637962962962963
0 0.59375 0.13425925925925927 0.5729166666666666 0.14074074074074075 0.5572916666666666 0.1527777777777778 0.5630208333333333 0.24537037037037038 0.5713541666666667 0.2953703703703704 0.6078125 0.2833333333333333 0.6114583333333333 0.2759259259259259 0.5963541666666666 0.14074074074074075
1 0.7557291666666667 0.2759259259259259 0.7010416666666667 0.2851851851851852 0.6822916666666666 0.29259259259259257 0.6734375 0.3138888888888889 0.6791666666666667 0.3675925925925926 0.6833333333333333 0.37222222222222223 0.69375 0.3712962962962963 0.696875 0.36018518518518516 0.696875 0.3435185185185185 0.7067708333333333 0.3509259259259259 0.7192708333333333 0.34629629629629627 0.7614583333333333 0.31666666666666665 0.7625 0.30833333333333335
1 0.4479166666666667 0.425 0.4296875 0.43796296296296294 0.4265625 0.45 0.43333333333333335 0.45925925925925926 0.453125 0.5194444444444445 0.45364583333333336 0.5435185185185185 0.4588541666666667 0.5592592592592592 0.459375 0.5731481481481482 0.4635416666666667 0.575 0.47604166666666664 0.5648148148148148 0.4765625 0.5574074074074075 0.4625 0.4675925925925926 0.4510416666666667 0.42592592592592593
0 0.40729166666666666 0.09907407407407408 0.38125 0.05925925925925926 0.3765625 0.05740740740740741 0.3375 0.11018518518518519 0.3203125 0.14537037037037037 0.33177083333333335 0.16944444444444445 0.34479166666666666 0.18703703703703703 0.378125 0.14444444444444443
0 0.39010416666666664 0.25925925925925924 0.3609375 0.2851851851851852 0.38697916666666665 0.42407407407407405 0.3953125 0.4212962962962963 0.4140625 0.40185185185185185 0.41041666666666665 0.3490740740740741
0 0.3182291666666667 0.42962962962962964 0.3026041666666667 0.5722222222222222 0.32135416666666666 0.5925925925925926 0.3265625 0.5916666666666667 0.3296875 0.5805555555555556 0.3416666666666667 0.4546296296296296
1 0.6661458333333333 0.13425925925925927 0.6666666666666666 0.14722222222222223 0.6770833333333334 0.1648148148148148 0.6807291666666667 0.18055555555555555 0.7010416666666667 0.175 0.7192708333333333 0.175 0.7239583333333334 0.17962962962962964 0.7515625 0.15925925925925927 0.7458333333333333 0.13425925925925927 0.7322916666666667 0.12777777777777777 0.70625 0.125 0.6739583333333333 0.12962962962962962
1 0.5302083333333333 0.6787037037037037 0.5265625 0.6712962962962963 0.525 0.6472222222222223 0.5166666666666667 0.6361111111111111 0.5130208333333334 0.6129629629629629 0.48385416666666664 0.6166666666666667 0.47760416666666666 0.6212962962962963 0.48072916666666665 0.6425925925925926 0.4796875 0.6666666666666666 0.4822916666666667 0.687962962962963 0.4786458333333333 0.687962962962963 0.46927083333333336 0.6685185185185185 0.465625 0.6675925925925926 0.459375 0.675 0.459375 0.6944444444444444 0.4625 0.6972222222222222 0.5104166666666666 0.6925925925925925 0.5286458333333334 0.6833333333333333
1 0.49166666666666664 0.1537037037037037 0.484375 0.1824074074074074 0.4744791666666667 0.20462962962962963 0.4744791666666667 0.21296296296296297 0.5083333333333333 0.2490740740740741 0.5348958333333333 0.27037037037037037 0.55 0.2222222222222222 0.5515625 0.20462962962962963 0.5114583333333333 0.1638888888888889
1 0.46749956207539695 0.210214546128979 0.46010920693805 0.19495703874864986 0.4825186709029084 0.13223173062951904 0.5096961059241196 0.16020382749345574 0.5275759973854428 0.12121241974372578 0.5023057507867728 0.07967809409727429 0.44675888798026203 0.1941093994497427 0.4632083881246794 0.2220814963136794
0 0.7553680276719341 0.843201519261694 0.7164703385393262 0.8446886471616263 0.7131243007644783 0.9911707453049717 0.7562045371156462 0.9926578732049042
0 0.5533509970154866 0.08922767399594644 0.6382567055522544 0.09294549374577755 0.6374201961085425 0.13755933074375076 0.5516779781280625 0.1353286388938521
1 0.6976488760558063 0.08625341819608157 0.780045056261438 0.07286926709668959 0.7892466601422701 0.10856033669506818 0.7043409516055023 0.1271494354442237
1 0.751355030088181 0.12090770599120154 0.7794228904075671 0.11642964280634223 0.785180400216672 0.2674043444673134 0.7765441355030147 0.2674043444673134 0.7686275595154956 0.26548517453094517 0.7650291158848049 0.268683791091559 0.7625102053433217 0.27316185427641826 0.7574723842603549 0.27252213096429556 0.7527944075404572 0.21238813962475614 0.7617905166171836 0.20663062981565133 0.7603511391649074 0.2008731200065465 0.7542337849927334 0.1880786537640913 0.7571125398972858 0.16504861452767194 0.7524345631773882 0.15545276484583054
