1 0.6188095423832108 0.7243495329222769 0.6306934019077169 0.7132830817248533 0.6306934019077169 0.70624079459922 0.6561588151745157 0.6986954869646129 0.6722869102434884 0.8485955986388064 0.6323910961255036 0.862177152381099 0.6272980134721438 0.8571469472913611 0.6213560837098907 0.7781727273824739
1 0.5376031689657524 0.8566439267823873 0.5613708880147646 0.798293547741426 0.5777819321200349 0.7404461892094387 0.5687275629585066 0.744470353281229 0.5661810216318267 0.7429612917543077 0.5656151235592312 0.7399431687004648 0.5800455244104171 0.7283736969940674 0.5506188246354496 0.6906471588210321 0.5028004375011274 0.8169053065734568
0 0.5930793946450931 0.5776213059204026 0.5582439222592158 0.604106976050266 0.5937366677089776 0.7423777539341115 0.6294485041800342 0.7131656177614681 0.6117021314551533 0.6364350734146581
1 0.5615302875786382 0.5904746458363657 0.5376493662575023 0.5682734223451567 0.5174929922983782 0.6243607237966321 0.5560530120462676 0.673437112566673 0.5670075631110089 0.6621417532465842 0.5584630132805106 0.6274766849883807 0.5396211854491556 0.6321506267760036 0.5376493662575023 0.6313716364780665 0.5385257303426816 0.6255292092435378 0.5486039173222435 0.6165708208172604 0.5545193748972038 0.6126758693275748 0.5543002838759089 0.6072229372420147 0.5543002838759089 0.5974855585178002 0.5639402888128813 0.5928116167301771
0 0.7035876851989887 0.6131962117532854 0.6692328177576319 0.6359976645143637 0.7008392958036802 0.7776924066724933 0.7397748122372181 0.7491905907211454 0.7342780334466009 0.7198744371711876 0.7219102811677124 0.673457194050421
0 0.7130181717901991 0.3670943344597778 0.6294833530679599 0.3726563698303805 0.6304219465367491 0.44106940488879365 0.6861118256849086 0.44162560842585386 0.7023807791439214 0.4488562544076374 0.7145824942381811 0.44718764379645654 0.7164596811757595 0.44106940488879365
0 0.5265509359907438 0.29367546756782226 0.5199807817092194 0.3537454495703313 0.5206065106884121 0.3648695203115367 0.5340596837410574 0.36876294507095864 0.5994483620667054 0.39768552899809256 0.6063313808378261 0.3387279540697041
0 0.5509543661792631 0.45052486501881817 0.533746819251461 0.5128196611695683 0.5931910722747773 0.5723334396350173 0.6038284649210549 0.5867947315985842 0.610085754712983 0.582345103302102 0.6279190306199779 0.51615688239193
0 0.48650428132240436 0.34707100712560807 0.4667938184778311 0.4021351572945748 0.5090305245733453 0.45664310392648116 0.5362497351682323 0.48556568785361515 0.5587759784191731 0.42827672353640744
0 0.44520616869567936 0.3932359007016104 0.41923841605917805 0.45274967916705927 0.4007794111729904 0.48834670553891657 0.3948349858706587 0.5061452187248451 0.3970250372978335 0.5183816965401711 0.4301886731950521 0.5567597405973297 0.47774407561370513 0.42994533414758823
0 0.4743025662281447 0.5267247495960752 0.4561564258315534 0.6062618553956937 0.44176465931011893 0.6652194303240822 0.47336397275935554 0.6941420142512161 0.5084047955941525 0.5539787229120282
1 0.32475851151494234 0.6187189759364649 0.40336248245486467 0.552526158302846 0.421203515332676 0.6191786482811427 0.4201692525571507 0.6256140611066334 0.4074995335569659 0.6389445591022928 0.40543100800591525 0.6320494739321242 0.3997425627405261 0.6274527504853451 0.39560551163842494 0.6265334057959892 0.3906927634546798 0.6302107845534125 0.3878485408219853 0.6338881633108358 0.3862971466586973 0.6403235761363264 0.38603858096481597 0.647678333651173 0.38603858096481597 0.6495170230298847 0.342082413004991 0.6803150701233045
0 0.3886242379036292 0.7000809809444546 0.3811258327810708 0.763056092165328 0.4661939460680263 0.7860397093992235 0.4729166541089407 0.7244436152123838 0.47033099717012744 0.7097341001826907 0.4574027124760613 0.7032986873571999 0.4336146686389795 0.7065163937699452
0 0.664897231540099 0.48336188662146806 0.7014240104722895 0.5116800577568673 0.7159797945580497 0.4613908917750378 0.7319087658217117 0.3730186680593956 0.7085645837973794 0.35397713919248924 0.7115855955887636 0.3632537814609821 0.7146066073801477 0.36423027012082343 0.717627619171532 0.44527882888765546 0.7140573325089871 0.45162600517662427 0.6701153428161263 0.4599261587852757
1 0.6599537576996521 0.2880641546531982 0.6165610428779522 0.28220522269415005 0.611342931601925 0.3476299629035205 0.6116175690375054 0.4306314989900352 0.6291943649146496 0.4325844763097179 0.6267226279944264 0.36520675878066483 0.6289197274790692 0.36569500311058545 0.6289197274790692 0.3564183608420926 0.627271902865587 0.34470049692399646 0.6278211777367477 0.3300531670263762 0.6407291372090256 0.32956492269645554 0.6432008741292491 0.3339591216657416 0.644574061307151 0.3578830938318547 0.6555595587303661 0.357394849501934 0.6563834710371073 0.33054141135629683 0.6583059330861699 0.32956492269645554
0 0.7843645160175642 0.13719665670770964 0.7533304857969813 0.138173145367551 0.7558022227172047 0.2895288876429602 0.7849137908887249 0.2875759103232775 0.7890333524224307 0.2826934670240708 0.789307989858011 0.2587694948579577 0.7846391534531445 0.20262139691708006
0 0.696755174067423 0.11620215052112061 0.6973044489385838 0.2021331525871594 0.7006000981655484 0.2656049154768471 0.7426196258093465 0.2587694948579577 0.7365776022265781 0.11327268454159657
0 0.6940087997116193 0.22459239176351045 0.6852204017730472 0.2885523989831188 0.6772559161412162 0.2909936206327222 0.6390813125955433 0.2743933134154193 0.6022798962277724 0.25486354021859225 0.6129907562154072 0.18162689073049104
0 0.5981603346940667 0.10009008763373835 0.5890972993199142 0.15233223093525056 0.6239762536386224 0.15672642990453664 0.6278211777367477 0.1645383391832674 0.6528131843745623 0.16600307217302945 0.6712138925584478 0.1650265835131881 0.680826202803761 0.11522566186127926
0 0.5264799640075878 0.14354383299667842 0.5154944665843726 0.21629223815485896 0.517966203504596 0.22654536908319314 0.5292263383633915 0.23191605671232057 0.5522958829521435 0.237286744341448 0.5989842470008079 0.25535178454851293 0.6096951069884428 0.18797406701945982
