1 0.37753889913210714 0.6938664900784646 0.387187461269861 0.7049329412758882 0.38469750975044065 0.7115728119943425 0.3815850703511652 0.719319327832539 0.38096258247131015 0.7276191662306069 0.3806513385313826 0.7381322948681593 0.38314129005080294 0.7364723271885458 0.39185612036877404 0.7137861022338272 0.4043058779658757 0.7370256497484169 0.3725589960932665 0.8106175502112845 0.36353292183536784 0.8360703879653589 0.3504606763584111 0.8537767098812368 0.31809130660594687 0.8012110666934743
0 0.38283004611087534 0.5970350421010073 0.40181592644645536 0.6152946865767565 0.4469462977359488 0.6805867486415562 0.4282716613402963 0.7375789723082881 0.361354214255875 0.6567938785670953
1 0.32431618540449764 0.4924570782853536 0.32244872176493244 0.6429608145703157 0.35450684757746914 0.6446207822499292 0.36353292183536784 0.6180612993761124 0.364777897595078 0.5760087848259025 0.3616654581958026 0.4930104008452249
0 0.3846703840577045 0.5184021278432502 0.4276973449492653 0.5566483153024154 0.4597337234391775 0.5886587113280211 0.4393894538871895 0.6530952228081364 0.36572916757826734 0.5724456536007663
0 0.4894316801415048 0.5499968044399519 0.473062727628411 0.6302306542184181 0.46230598740552076 0.6680611222486793 0.46043524997545293 0.6892628131227818 0.4646444091931056 0.6971614822719572 0.49714847204053475 0.7088016262812684 0.521468058631417 0.5657941427383028
1 0.41810981562016747 0.439415436351496 0.40150702092831525 0.5017733506870914 0.40244238964334916 0.5117506169807867 0.41273144550872237 0.5254693581346176 0.44500166617739306 0.5450081712931042 0.44617087707118547 0.5366937827150248 0.4496785097525627 0.5275479552791376 0.45458919550649085 0.521312163845578 0.46253982958427925 0.5254693581346176 0.4665151466231735 0.5279636747080415 0.46815204187448284 0.5250536387057138 0.4749334650584789 0.5283793941369455 0.4761026759522713 0.5308737107103694 0.4761026759522713 0.5387723798595446 0.48449780342769966 0.5459323739904195 0.48604386741949124 0.5383738389194382 0.4558956195795546 0.4957711867011802 0.45608887757852856 0.49130477961378216 0.4615001015497992 0.4751570001439585
0 0.4010521388685303 0.3383493213262402 0.3963801642281244 0.40260946374866563 0.31253051410294425 0.37769226566650066 0.31720248874335016 0.31080926028805783 0.31941552936248985 0.3051263905500202 0.3344150268922141 0.3055635343760231 0.3553159660729775 0.31736641767810125
0 0.39908499165151734 0.3873094298385643 0.40228160587916345 0.392992299576602 0.43621489537263813 0.42752666183083066 0.4765414133214051 0.3011920961159942 0.4418704436215506 0.26928059681778294 0.417772890213141 0.3331035954142055
0 0.4556444657576683 0.28078165829960683 0.4958333315576425 0.28851794386053603 0.5024888125181477 0.13379223264195203 0.4651157271245412 0.130151627672103 0.4574363260162659 0.21115508825124404
1 0.515097615489959 0.1587843797551523 0.5219492702328183 0.20185192385312511 0.5246409917389416 0.20576715513475902 0.5239068858736353 0.21011741211435225 0.5263539054246564 0.2218631059592539 0.608329060383866 0.18184074174699635 0.5960939626287601 0.10832139879187103 0.5899764137512072 0.10223103902044053 0.5777413159961013 0.10701632169799306 0.5635486026001785 0.12485237531432523
1 0.49698967081240225 0.3345347617307181 0.5637933045552805 0.24317936515926067 0.5865505863797775 0.2945123975184606 0.579209527726714 0.3123484511347928 0.5684426417022208 0.304517988571525 0.5711343632083441 0.2888570634449894 0.5726025749389568 0.2810266008817216 0.5716237671185483 0.27841644669396565 0.5613462850042593 0.27145603552661657 0.558654563498136 0.27363116401641313 0.5552287361267063 0.289727114840908 0.5562075439471149 0.29581747461233854 0.5547393322165022 0.303212911477647 0.5493558892042556 0.30060275728989105 0.5373654934042518 0.37542717733889436 0.5239068858736353 0.3919581538613486
0 0.5515582068001746 0.30843321985315886 0.5380995992695581 0.3841276912980808 0.5527817165756852 0.40022364212257566 0.5721131710287525 0.40152871921645367 0.6193406483634614 0.42415005551033835 0.63304395784918 0.35628604662868424
0 0.4985584044964337 0.5288085399749195 0.46127810252776935 0.4816685024308181 0.4686291479863792 0.458331850181263 0.48543153760605906 0.42939440139181456 0.5101100473599635 0.37898723253277555 0.5431897519237079 0.41725934222204597
0 0.6603292043259585 0.6245032337885708 0.6418505458382533 0.689869916874331 0.6369480446068213 0.6912107719119877 0.6260116957059344 0.6845064967237044 0.6001792853710811 0.6583598234894004 0.5700100470238072 0.6288610126609548 0.5869802435941488 0.566511253409922
1 0.6058970583179789 0.6994364979166958 0.5814893460344995 0.7510504897710835 0.542212470931675 0.7050678067238741 0.5236916680376602 0.6823603089227832 0.5112380247123743 0.6641943106819105 0.5396578774290522 0.6017486917289103 0.5713930682681869 0.6511437586938413 0.5708523177303937 0.652745982509525 0.553908800879539 0.6367237443526883 0.5506642976527796 0.6511437586938413 0.5474197944260201 0.6588344330091229 0.5445357915577895 0.6642819939824474 0.5447160417370539 0.6742157816396861 0.5481407951430778 0.6857517931126085 0.5542693012380677 0.6931220226647534 0.5614793084086442 0.6937629121910268 0.5667065636073122 0.6889562407439759 0.5686893155792208 0.6815860111918309 0.5677880646828988 0.6780611187973269 0.5728350697023022 0.6601162120616698 0.5856328324300755 0.6690886654294984
1 0.553429442992394 0.4657195697746444 0.5516859005098768 0.46804429308466755 0.5489252915792241 0.4683025956746702 0.5361393133740967 0.4515129273245027 0.5271310105477568 0.47191883193470624 0.5274216009615097 0.4739852526547268 0.5296010290646564 0.4768265811447552 0.5333787044434442 0.4760516733747474 0.542387007269784 0.4874169873348608 0.542096416856031 0.4941328546749278 0.5361393133740967 0.5057564712250437 0.5335239996503206 0.506789681585054 0.5219003831002047 0.4938745520849252 0.516524460445776 0.5119557333851055 0.5736254767482205 0.5711070264956953 0.5798731706439078 0.5501845167054867 0.5843773220570777 0.5592251073555768 0.5868473405739774 0.5550922659155357 0.5887361782633712 0.5563837788655486 0.5896079495046299 0.5519926348355048 0.588009702228989 0.5455350700854404 0.594838576952182 0.5256457706552421 0.6060263078816686 0.534169756125327 0.606171603088545 0.5390775053353759 0.6108210497085914 0.5313284276352986 0.6109663449154679 0.5168634825951545 0.6007956804341165 0.5034317479150205 0.5788561041957726 0.48922510546487885
1 0.6437886161472633 0.426440363147232 0.6813223117320549 0.44777931698224044 0.6588401996558855 0.5717484773570514 0.6552201985588749 0.5680226282747483 0.6521717765824453 0.5707323366982414 0.6474086172442737 0.5890228685568201 0.6281654535180607 0.5744581857805444 0.6331191392297592 0.5565063674749026 0.6314044018680174 0.5527805183925995 0.6203538722034594 0.5463449608868032 0.6161622919858686 0.5619257843218888 0.6108275535271164 0.5602322165572055 0.6142570282505999 0.5392319762751338 0.6287370326386413 0.48402166714646105
