0 0.34548077331957044 0.32203372984502904 0.3896774127892813 0.3043274079291512 0.4111532446442816 0.29270763417185625 0.42422549012123834 0.29104766649224273 0.433251564379137 0.36795950231433733 0.3495269445386285 0.3884324370295711
1 0.4438338583366734 0.3004541500100529 0.4385427113579052 0.3463799224793611 0.4404101749974704 0.37681266327227625 0.43418529619891966 0.3812392437512457 0.437297735598195 0.4116719845441608 0.4354302719586298 0.4133319522237744 0.4282716613402963 0.41720521014287265 0.4245367340611658 0.4476379509357878 0.46624342201145635 0.4653442728516657 0.47900442354848555 0.3629795992754966 0.48180561900783336 0.31484053656670363
1 0.38656497339000584 0.4780706917287029 0.38812119308964355 0.4537244990943708 0.4282716613402963 0.45593778933385554 0.42142429466189046 0.6075481707385599 0.4008821946266727 0.6036749128194616 0.40306090220616553 0.5998016549003634 0.40212717038638285 0.5804353653048719 0.40025970674681766 0.5749021397061601 0.3999484628068901 0.5710288817870618 0.40243841432631045 0.5688155915475771 0.40306090220616553 0.562729043388994 0.40805460193355275 0.5599740707336471 0.40361160053714157 0.47683018495285323
0 0.31732383657526136 0.5030205089738033 0.3182592052902953 0.5699513370273425 0.39753170388942105 0.5587269124469353 0.3958948086381116 0.48223453752860485 0.38163043573384414 0.480155940384085 0.35871390221551286 0.4884703289621644
0 0.4627202369746719 0.6807509659195276 0.4485280074841293 0.5907775865077858 0.4461180062498862 0.5645948570493424 0.4445113387603908 0.5388881772174162 0.48976580638117756 0.5222264402893159 0.5028869242120566 0.6731341718952532 0.48574913765743916 0.6797988666664933
0 0.5352880519168803 0.5312713831931418 0.4951213646794956 0.4779538250232207 0.47878691186962574 0.4555794925769146 0.472895797741476 0.43844170602229715 0.47343135357130783 0.4289207134919541 0.49779914382865453 0.3779834034546188 0.5617980654935543 0.4812861724088408
0 0.5998225294116116 0.3460880784779696 0.5856302999210691 0.4198757705881282 0.5741158495796855 0.4651004851072576 0.5722414041752742 0.48795086718008096 0.6153536484767338 0.5127054477589729 0.6375792154147534 0.36465401391213853
0 0.6796334799835291 0.35045338949891675 0.7179125898895227 0.3703666094303444 0.6959548008664191 0.5169898943976272 0.6614114498422682 0.49413951232480396 0.6705158989494088 0.41273502619037095 0.6733310878024653 0.3732570802758123
0 0.6184682472917052 0.3144239235319156 0.6369299860168307 0.2750388809183145 0.6775458112121069 0.2120228127365527 0.7056076540742977 0.2546899422346206 0.6491147335754135 0.3636552267989171
0 0.7011768367802677 0.14572465767032416 0.7414234272010413 0.1247193016097369 0.7591466963771617 0.20348938683693915 0.7661621570927094 0.2409051773198602 0.7683775657397245 0.2632233681342342 0.7270232709954433 0.29013648058686164
0 0.6217913602622277 0.21005356060587266 0.6206836559387202 0.28619797632550154 0.5357596578031428 0.27766455042588795 0.5372365969011529 0.2054586389676192 0.5911448739785194 0.20348938683693915 0.605796615380493 0.19949297665514523 0.618836780947147 0.20288016139205156
0 0.5136216687454896 0.20809615415695426 0.47279853530099814 0.22735060258428808 0.4761310359903444 0.2606756094777505 0.48154634961053205 0.2962222834974438 0.4944336990744977 0.3673584762015374 0.5340332354677353 0.35472618448818893
0 0.4557482128473076 0.09856564634338356 0.44221901677326064 0.15374354405714374 0.42205786183938676 0.23533137571937032 0.45654404791048686 0.26645736930149144 0.4942135742343039 0.13063485185223564
