1 0.43234273207454865 0.6233233969204874 0.4202913667205542 0.6621555741722471 0.39129276883750524 0.7311161648089928 0.35928132961595766 0.6956315890444538 0.4040973445261243 0.5637360904479597 0.41916155121861726 0.5838216993712837 0.4180317357166803 0.5918559429406132 0.40221431868956264 0.5945340241303897 0.3999546876856887 0.5965425850227222 0.401461108354938 0.6032377879971634 0.4184083408839926 0.6065853894843841 0.4202913667205542 0.6152891533511579 0.4199147615532419 0.6172977142434902
1 0.42722966059174833 0.4718415518060056 0.4237220279103711 0.6086132439154116 0.4648782513718641 0.6111075604888355 0.4672166731594489 0.5038519478316112 0.46557977790813954 0.4647743215146381 0.4333095572394689 0.45978568836779043 0.4335433994182274 0.47807734323956513 0.431906504166918 0.4838974152442207 0.4293342402005747 0.48223453752860485
1 0.4891978379627463 0.5113348975518828 0.4690874105895168 0.5312894301392732 0.4686197262319999 0.5533225598711837 0.4711919901983431 0.5578954735891273 0.47282888544965257 0.5624683873070709 0.4716596745558601 0.5691198981695346 0.46815204187448284 0.5745242507452861 0.46674898880193194 0.5994674164795243 0.479844150812407 0.6555895393815602 0.486157889638886 0.6801169856868945 0.4903670488565387 0.6830270216892222 0.5280156396366544 0.6464437119456728
1 0.5654303882380117 0.5612212290203591 0.548593751367401 0.617343351922395 0.6236570907488741 0.6888470936938778 0.6411952541557603 0.6248263016426664 0.6082235069508142 0.5919844667592529 0.5850731312537243 0.5736928118874781 0.5766548128184189 0.5824229198944616 0.5731471801370417 0.5815914810366536 0.5677688100255965 0.561636948449263
0 0.6217863533188062 0.5192335667010581 0.7036311158842753 0.5512439627266639 0.6956804818064868 0.6144333159200672 0.6470413086247223 0.6044560496263719 0.6281000921452852 0.6002988553373322 0.6143034035985347 0.5919844667592529 0.6124326661684668 0.5815914810366536
0 0.6664502094616763 0.3383956151278313 0.7029295893479997 0.3188568019693448 0.7150893826434409 0.37206888886905287 0.7258461228663311 0.4651900409435421 0.691003638231317 0.4847288541020287
1 0.59653139801289 0.3334069819809837 0.622254037676323 0.47724590438175724 0.659434944098922 0.45770709122327063 0.6561611535963031 0.4335953643468404 0.6539341800673139 0.43263680895767515 0.6536603926788482 0.42860673119999276 0.6544746466192403 0.4270732440522158 0.6526535209149259 0.41862946490629743 0.6425983072283111 0.36666453629330126 0.6306723561116284 0.314699607680305
0 0.5966772925419327 0.1019454160874369 0.637460951725619 0.11864337217072397 0.61645118790372 0.26716729733259326 0.578139265640257 0.2526664407339492 0.5902507765493518 0.15203928433729813
1 0.5600955861226261 0.26145483867252134 0.5709712285716092 0.33527738135652735 0.6045868506866476 0.32121594465481196 0.6522913732469594 0.2952901707360241 0.6438874677181999 0.22761950660901858 0.6238663986643902 0.23552906475373353 0.6216418354361892 0.2504693412493062 0.6369666043415744 0.25969715908480695 0.6399326886458424 0.26409135805409295 0.6391911675697753 0.26716729733259326 0.6377081254176413 0.26980381671416487 0.6211474880521445 0.26409135805409295 0.6174398826718093 0.2715614963018793 0.5778920919482347 0.2557423800124494
1 0.5299403956959005 0.14764508536801205 0.5843186079408156 0.1274317701092961 0.5907451239333965 0.1278711900062247 0.588273387013173 0.14237204660486877 0.5845657816328379 0.14588740578029763 0.5820940447126145 0.15159986444036952 0.5820940447126145 0.1573123231004414 0.585307302708905 0.16478246134822774 0.5806110025604805 0.19993605310251633 0.5356253906124143 0.21355806990730314
0 0.4150076804325735 0.36889571594006537 0.4455229510526157 0.36075831044138745 0.4998401327562908 0.35424838604244513 0.5065534922927001 0.4188051363319566 0.4226364980875841 0.43996239062851916
1 0.5071587538587172 0.3981276078692002 0.515481100391456 0.4644822091807336 0.556840640735976 0.44744521695209666 0.5702068336521928 0.43264993422722775 0.5666761411837581 0.4205447029068804 0.5623888717578018 0.4079911296857795 0.562136679438628 0.3985759497699538 0.5654151795878887 0.3891607698541281 0.5702068336521928 0.3846773508465921 0.5755028723548448 0.3842290089458385 0.5802945264191489 0.3891607698541281 0.5833208342492356 0.397230924067693 0.5830686419300618 0.4021626849759826 0.5898778345477571 0.4183029934031124 0.5702068336521928 0.4443068236468214 0.5994611426763654 0.43264993422722775 0.5896256422285833 0.3600185463051439 0.5845817958451053 0.3537417596945934 0.5727287568439318 0.3564318110991151 0.5570928330551499 0.37212377762549115
0 0.512959177199717 0.5075230316530795 0.5250644085200643 0.4913827232259498 0.5533099482675413 0.4756907566995737 0.5893734499094093 0.44923858455511106 0.6075312968899304 0.5106614249583548 0.5326301780952813 0.5806027614759169
0 0.7050761055079915 0.16588582522349335 0.692653073108673 0.22870649276375116 0.7359956528129621 0.27680356634926107 0.7459340787324169 0.2910363738388507 0.7572528415851295 0.29937974374654125 0.773816884784221 0.22968806569406772
1 0.6437313065834556 0.13045884851730438 0.7066311085471558 0.10703670003832888 0.7090394342980183 0.0992293172120037 0.7239143874651096 0.09645895556395284 0.7302903390414669 0.15822741424208708 0.7283470438337993 0.1665188071281353 0.7137723297762926 0.17204640238550079 0.718241908753928 0.14579032491301472 0.7172702611500943 0.1399172549520639 0.7081367736740567 0.13300776088035704 0.706387807987156 0.13473513439828375 0.7034728651756547 0.14993602135603884 0.7039499439017768 0.1555216422744184 0.7031053004997693 0.16002640708512567 0.7006920336368904 0.16131348274532775 0.6987614201465872 0.16710532321623714 0.6907976394990868 0.1683923988764392 0.6892290160382155 0.17933254198815693 0.6469968459378347 0.19198878598014407 0.6448249057612436 0.14479601177273435 0.6495307761438575 0.14672662526303748 0.6537539931538956 0.14801370092323957 0.6564085867030623 0.14629760004297013 0.6570119034187821 0.14200734784229652 0.6560465966736306 0.14072027218209443 0.6486861327418498 0.13492843171118504 0.6431356189572284 0.13278330561084825
1 0.6826787026894984 0.32533435079511336 0.703012099614193 0.31459724350814594 0.7116688923643104 0.35002969755513846 0.7275732325331311 0.3428716260304935 0.7179098359748602 0.28632286098579834 0.6939526653408142 0.26735397144548917 0.692946061532661 0.27916478946115336 0.6899262501082014 0.29419673966290777 0.6846919103058048 0.29813367900146254 0.6780483251719936 0.2970599682727658 0.6746258722242728 0.2970599682727658
