1 0.33002200507861545 0.6579015452054098 0.3155603666538222 0.7244827637081617 0.35115824585331334 0.7501923431300163 0.3678447517280748 0.7482146831744889 0.371182052903027 0.7600806429076526 0.3830480126361907 0.76205830286318 0.3879907051400761 0.7672283095266242 0.38972261498609534 0.764695182803883 0.39083504871107944 0.7719466026408164 0.39707093633276613 0.7758018498180883 0.4104880445191318 0.7119575839898221
0 0.32351502986745806 0.7685342407558183 0.36491845903493697 0.7656477271755148 0.3730367784795407 0.9063652642153126 0.33366292917321266 0.9085301494005402 0.32513869375637877 0.8161617148308268
0 0.46274420834241176 0.7743072679164255 0.43189459445291767 0.8204914852012821 0.4582791326478797 0.8919326963137948 0.48222817500946064 0.941003427178955 0.5167310326490264 0.8933759531039466
1 0.5131572728270285 0.7899552691500121 0.5174419848300047 0.783682226740426 0.5486951782634779 0.7863706734873915 0.5970872197088559 0.7863706734873915 0.6018760154768881 0.8531337677037 0.5292879533088212 0.8634394802337341 0.5305481627214612 0.8594068101132859 0.5292879533088212 0.856270288908493 0.525507325070901 0.8571664378241481 0.5181981104775887 0.8643356291493893 0.5151736078872526 0.8661279269806995
0 0.3368509788702481 0.25469097490174586 0.3091956495148172 0.2885423070089399 0.3028485247447183 0.30143805257358525 0.3091956495148172 0.324811591409505 0.32687692566009274 0.3530210348321667 0.35634571923555186 0.41749976265539346 0.3912549054710957 0.37558858957029606
1 0.3820018110068145 0.12611408351588274 0.41437484583790046 0.16264713151849958 0.36680055986873933 0.2927648367332993 0.34934727152502343 0.27224627552635006 0.3637040087109833 0.254229977881224 0.36398551336168844 0.24772409262048395 0.3577924110461763 0.23471232209900403 0.35441435523771514 0.23321096396191018 0.34525078842135565 0.24490466306851075 0.34551343641559024 0.24910703097626408 0.342230336487658 0.25424325841907364 0.3414423925049543 0.25260900423272514 0.33934120855107763 0.2535428637677814 0.337240024597201 0.2477062416736796 0.3824154796055488 0.13354191351304878 0.38005164765743754 0.13074033490787992
0 0.4112386356073601 0.20555152376549882 0.447847416225226 0.19795859148920072 0.49452361151300495 0.18656919307475353 0.5018453676365782 0.24188912823063977 0.4191705380745644 0.2695490958085829
1 0.46750444768475496 0.10372149820774683 0.4972443983681044 0.10742583742945207 0.5508520801731229 0.1208961618720166 0.5478212571735459 0.19195212330654446 0.49894923630536653 0.18690075164058276 0.49610783974326306 0.1623174095329025 0.4639053453727573 0.16602174875460773
1 0.5048214558670471 0.2663756658517134 0.5830545745436287 0.20744299641549366 0.592904749292254 0.24583342107680253 0.5881690883554149 0.2593037455193671 0.5898739262926771 0.2724373118508675 0.590821058480045 0.2764784091836368 0.552556918110385 0.3138585595117534 0.5387287881748148 0.3313699812870873 0.5345614065503965 0.33372728806453605 0.516565894990408 0.3118380108453687
0 0.496344288501635 0.3488191883170454 0.4713002977826411 0.4000027074067827 0.5383472020697114 0.4946571605179407 0.561813618570186 0.44417478552532313 0.523163050216463 0.38002010063887154 0.5113312435775683 0.35898577772528084 0.5004854208252482 0.34566403988000677
1 0.43580487786595684 0.3568823454339218 0.430874958433084 0.38878440185286767 0.4281142035506752 0.41192215705781743 0.4344245004247524 0.4157784495919757 0.4377768456391059 0.4210370303203734 0.4363964681979015 0.424192178757412 0.4281142035506752 0.4238416067088521 0.4186487582395594 0.49956516919777855 0.45651053948402265 0.5184960598200102 0.4636096234673595 0.4799331344784272 0.4584825072571717 0.4722205494101107 0.45808811370254193 0.4648585363903539 0.46459560735393407 0.45469194698211846 0.45729932659328226 0.44487592962244277 0.4576937201479121 0.4385656327483656 0.4681451493456025 0.41718073778621506 0.4667647719043981 0.4091175806693386 0.47051151067338143 0.3978992751154236 0.4789909720979227 0.38177296088167073 0.47997695598449724 0.3726580876191148 0.446650700618277 0.35758348953104147 0.444481536067813 0.358635205676721 0.43994601018956997 0.35758348953104147
1 0.3959711288483445 0.2618773202742039 0.4292973842145647 0.27449791402235835 0.40839452581918395 0.4238416067088521 0.3713215316839804 0.40526128813518036 0.37211031879324 0.40070385150390236 0.39380196429788045 0.3747615199104739 0.39044961908352693 0.36775007893927697 0.39044961908352693 0.3649455025507982 0.39321037396593567 0.3607386379680801 0.39518234173908484 0.3617903541137596 0.40504218060483044 0.3491697603656052 0.4048449838275155 0.34566403988000677 0.39735150628954885 0.3277848654034547 0.3825617479909304 0.347416900122806 0.3809841737724111 0.3446123237343272 0.3886748480876927 0.2941299487417096
1 0.7511600646528733 0.8263763595113053 0.7050274038063685 0.8370737881133934 0.684635430533638 0.8439082563869497 0.6707622028153051 0.8439082563869497 0.668087845664783 0.8373709389078958 0.6657477831580763 0.7624889386932792 0.6710964974591203 0.7627860894877816 0.6754423278287186 0.8165703832927246 0.685972609108899 0.8144903277312074 0.6936613859166498 0.8153817801147147 0.6996786895053244 0.8109245181971779 0.7026873412996616 0.7981470340335728 0.7001801314710473 0.7853695498699675 0.695834301101449 0.7782379308019088 0.6906527341223125 0.777049327623899 0.685972609108899 0.7791293831854161 0.6752751805068109 0.7806151371579284 0.6744394438972727 0.7624889386932792 0.7498228860776124 0.7580316767757425
0 0.6205895579021704 0.651694342116957 0.6633177088498509 0.6532659522667568 0.6665591547838129 0.6590285228160224 0.6668538316869003 0.6810310649132186 0.6650857702683755 0.7218929288080118 0.6627283550436759 0.8020450464477984 0.6220629424176078 0.8030927865476647
1 0.6623556445949231 0.576340711564487 0.6718368780810885 0.5636251391697856 0.7024429651241488 0.6283858450869855 0.7187440332231699 0.6591397876230074 0.7243995058289528 0.6827966664968704 0.6914646947717468 0.726561892413517 0.6695081540669426 0.6662368512851663 0.6693418166373608 0.6508598800171553 0.6675121049119604 0.6461285042423828 0.6610249451582683 0.6458327932564595 0.6505456870946118 0.6130088738189746 0.6656823931865602 0.5934919487480376 0.6655160557569783 0.582550642268876
1 0.5244321329993441 0.5932591376128233 0.5092210269551863 0.6644003104962685 0.5894888634651262 0.7172361523453769 0.5937011697542776 0.6968506700571382 0.5934671527382135 0.692274337298554 0.5885527954008704 0.6839537322829464 0.5988495441076848 0.671472824759535 0.5974454420113009 0.656079705480661 0.6018917653165162 0.6531674937251982 0.5993175781398127 0.6485911609666141 0.5887868124169343 0.6564957357314413 0.5812982679028874 0.6344461324400811
1 0.643312777159838 0.517541631970794 0.6641402915895308 0.5832744115940942 0.6643743086055948 0.5920110468604822 0.6517373897381407 0.6078201963901367 0.629739790228128 0.6211331644151089 0.5988495441076848 0.6452629189603709 0.5899568974972541 0.6527514634744178 0.5824683529832072 0.6336140719385204 0.5702994681478811 0.5974194401206271 0.584106472095655 0.6115644686471602 0.596743390963109 0.5824423510925334 0.5887868124169343 0.6132285896502816 0.5876167273366144 0.6173888921580855 0.5911269825775739 0.6286217089291557 0.5974454420113009 0.6319499509353987 0.6082102247502432 0.6319499509353987 0.616634837328546 0.6207171341643285 0.6173368883767378 0.6082362266409171 0.6142946671679064 0.6007476821268702 0.6046999695092838 0.5920110468604822 0.6208471436176973 0.5395912352621541
1 0.6699100538488639 0.45406282809426685 0.671051297552184 0.5080309747757122 0.7555033315978669 0.5015385661523806 0.7525360979692348 0.4317451734515638 0.6952456640625687 0.43215094899052203 0.6895394455459685 0.4362087043801044 0.6888546993239765 0.4345856022242715 0.6801812471787442 0.44310688854239444
0 0.7189835330916257 0.3376052484132529 0.7235485079049057 0.39157339509469835 0.6906806892492886 0.43215094899052203 0.6610083529629676 0.4601494611786404 0.6566716268903513 0.40090623249073787
1 0.6269992906040304 0.28931795927722276 0.5975552030583733 0.3546478210494989 0.5797518012865807 0.3814290066207425 0.5795235525459166 0.3850809864713666 0.5836320298778688 0.387515639705116 0.5865992635065009 0.38995029293886546 0.5888817509131409 0.39563115048428077 0.5879687559504849 0.4017177835686543 0.5850015223218529 0.4179488051269838 0.6085111426102456 0.44838197054885154 0.6571281243716794 0.3254319822445058
0 0.7470581281932986 0.39319649725053135 0.7105383296870573 0.3165049203874246 0.6941044203592487 0.27957934634222503 0.7265157415335378 0.2345382615178608 0.7787847031455957 0.351401616737833
0 0.6550738857057034 0.1274135192328863 0.6345314990459426 0.18138166591433177 0.7057451061331131 0.26050789601118796 0.7272004877555299 0.20735130040765895 0.7274287364961939 0.1959895853168283 0.7189835330916257 0.1801643392974571 0.6943326690999128 0.1647448688170441
1 0.618554087199462 0.20085889178432714 0.6025766753529814 0.243465323374942 0.616956346014814 0.25888479385535496 0.618097589718134 0.2637541003228538 0.6142173611268459 0.27511581541368446 0.6240320569753982 0.2872890815824316 0.6265427931227023 0.2836371017318074 0.6594106117783195 0.3242146556276311 0.6589422798847181 0.3283760316899391 0.6681822557645118 0.33948355825019905 0.6888622017811931 0.2830072612325392 0.6883342031594906 0.2776881640064992 0.6637724209450141 0.24612865501488526
0 0.5794384908446335 0.5892275751603973 0.5489417281686001 0.5591073157272779 0.5946868721826502 0.44050879420937045 0.6285721640449093 0.4713820601283178 0.6256072010069617 0.4928427449744153 0.6080292058534147 0.5267280368366746
