0 0.363274294339338 0.1545305250061493 0.3497437619316652 0.22013310637668437 0.43215700477839986 0.2755308417562473 0.4444574887853751 0.20774150767336108 0.3968956172917372 0.17129562913417493 0.38090498808266926 0.15380160743536556 0.36696443954143054 0.14797026686909578
1 0.3509738103323627 0.18222939269593078 0.3153024067121342 0.18368722783749822 0.31735248737996347 0.25293439706195187 0.31940256804779266 0.33311532984816145 0.3542539394008894 0.33603100013129633 0.35384392326732356 0.2726151714731124 0.3456436005960067 0.26532599576527516 0.34400353606174333 0.25803682005743794 0.3460536167295725 0.24345846864176351 0.3497437619316652 0.24127171592941235 0.3509738103323627 0.23471145779235883 0.34851371353096755 0.22815119965530534 0.34728366513027004 0.22013310637668437 0.3522038587330602 0.19170532111611918
0 0.3124322937771733 0.3688322908165639 0.3128423099107392 0.38705523008615694 0.32104263258205606 0.4300613667623966 0.3333431165890313 0.5087844644070387 0.36737445567499644 0.49930853598685027 0.3690145202092598 0.4920193602790131 0.3522038587330602 0.3476936812638359 0.31571242284570006 0.3637298678210778
0 0.3103656239394504 0.5892035111194538 0.3173089264884314 0.6607966751800578 0.3990084531481078 0.6262344580473524 0.38998215983443246 0.5575214787478071 0.3416104854098649 0.5723338575189667
1 0.3207805777629219 0.683838153268528 0.3205491343446225 0.7640718716123085 0.3242522290374124 0.8323733959459881 0.3642919404032028 0.8270244813897362 0.35711719443592244 0.6760205089170828 0.3346671828608839 0.6797236036098727 0.33513006969748266 0.6867183380295869 0.3363483394402428 0.6935996830264893 0.33563573702617444 0.6982447950589346 0.3332603956459467 0.6988782194269952 0.3312413554727532 0.6935996830264893 0.32827217874746856 0.6809311956652749
1 0.37139809221357395 0.49337464356224464 0.3726133006952544 0.5598060405607735 0.39099332898067046 0.5552152529633142 0.39843648093096296 0.5652069671460198 0.4295761982740233 0.565477013475282 0.44218398627145755 0.5711479863897906 0.4534246647270013 0.5681774767679052 0.4582854986537229 0.5638567354997082 0.45707029017204254 0.549004187390281 0.43686744916410575 0.5217295081347875 0.437475053404946 0.5076870990131471 0.44476630429502845 0.48905390229404766
1 0.3936091944263179 0.6538158726309756 0.395901254319748 0.6982679432914386 0.45153579900573365 0.6953044719140744 0.4648714202038725 0.6971566415249271 0.4773735650771277 0.6953044719140744 0.4807074703766625 0.687895793470664 0.47716519599590684 0.6134385751143885 0.40736155378689864 0.6315898373007443 0.40652807746201497 0.6338124408337674 0.39902679053806184 0.636405478288961 0.4006937431878292 0.6645584563739209 0.401110481350271 0.6690036634399671 0.39923515961928274 0.6704853991286492 0.39756820696951534 0.6701149652064788 0.39527614707608527 0.6634471546074093
0 0.3610015769300713 0.8369062686074812 0.3707197508141745 0.9126191004365732 0.3892986126514308 0.9136353800584402 0.4073058172013868 0.8973749061085681 0.45332422882905227 0.8745086146165604 0.4458926840941498 0.8043853207077368
1 0.4592156059965179 0.8394805636827062 0.46559360052424725 0.9062526545409104 0.518979776941538 0.8982735996584835 0.5494524174629117 0.8881947934912074 0.5430744229351824 0.8147034985214857 0.49701112912380324 0.8281419067445206 0.4984284612410765 0.8336012600851285 0.49039691257652834 0.847879568822103 0.4868535822833453 0.8474596185651331 0.4807118097751614 0.8331813098281586
0 0.5121293383747175 0.6660411075541631 0.5031529016319872 0.6773797644923487 0.4885071364201641 0.7067762824802374 0.4540187215665161 0.7588501143444972 0.4759873693842508 0.8176431503202746 0.5418933128374548 0.7269338948147895 0.5168537787656281 0.6677209085820424
0 0.540712202739727 0.6937578245141723 0.5449641990915467 0.7550705620317687 0.5936259351179267 0.7521309102329798 0.6148859168770248 0.7512910097190402 0.6283505719911201 0.744151855350553 0.6295316820888478 0.7319732978984277 0.6252796857370282 0.6710805106378012
0 0.6368545646947593 0.5925498125844414 0.631421458245212 0.6736002121796202 0.6302403481474844 0.7416321538087339 0.6718154235874984 0.7470915071493418 0.6758311979197724 0.5946495638692906
0 0.6399254509488513 0.8365409118839173 0.6448861133593075 0.9012132514572724 0.6923667392879599 0.8953339478596946 0.7294535963566086 0.8844152411784788 0.7240204899070614 0.813863598007546
0 0.6840989686038661 0.6861987198887153 0.6961462916006884 0.7475114574063116 0.7781153323829886 0.7025767799105389 0.7653593433275298 0.6395842413650633 0.721658269711606 0.6555423511299171 0.6980360677570526 0.6639413562693139 0.6850438566820483 0.6740201624365899
0 0.6852800787015938 0.5896101607856526 0.7029967301675089 0.6484031967614299 0.7478789138811603 0.6173268777456619 0.7800051085393529 0.5862505587298938 0.7603986809170736 0.5190585176147198
1 0.7063038384411463 0.38719413692619065 0.7060676164216008 0.4119712020874111 0.7148078311447855 0.4627851831807615 0.7214220476920604 0.528717373525026 0.7518946882134344 0.5228380699274483 0.746461581763887 0.5056201093916849 0.7448080276270683 0.49596125348137865 0.7448080276270683 0.4888220991128915 0.7481151359007058 0.4905019001407708 0.7575640166825272 0.5169587663298706 0.7608711249561646 0.5169587663298706 0.7507135781157067 0.3737557287031558 0.7115007228711481 0.3821547338425526
0 0.6295316820888478 0.391393639495889 0.6111063645642961 0.4455672226449981 0.6829178585061385 0.5282974232680563 0.7029967301675089 0.47160413857712813 0.701815620069781 0.459005630868033 0.6921305172684142 0.4455672226449981 0.6692169813724974 0.4258295605674157
0 0.6909494071706865 0.2532300049528123 0.6607129886688583 0.3943332912946779 0.6989809558352348 0.4170106051710491 0.7098471687343293 0.3661966240776987 0.7240204899070614 0.27674721934312324
0 0.5177986668438103 0.41281110260135073 0.5468539752479109 0.3943332912946779 0.6000039296456561 0.3720759276752765 0.6118150306229327 0.43464851596378234 0.5307908779188146 0.4812629944874343
1 0.5593737422838242 0.5068799601625945 0.5704761772024642 0.6358046890523347 0.5799250579842856 0.632445086996576 0.5829959442383775 0.6374844900802141 0.5839408323165597 0.6517627988171886 0.6054370360952034 0.6437837439347617 0.6042559259974757 0.632445086996576 0.6049645920561122 0.6282455844268776 0.6129961407206604 0.6261458331420284 0.5990590415674739 0.49260165142561996
0 0.4618140482115187 0.44808692418681717 0.4396091783742386 0.5077198606765341 0.43890051231560195 0.5182186171007801 0.4504753912733331 0.5333368263516943 0.4698455968760669 0.5501348366304878 0.5121293383747175 0.5879303597577732 0.5343342082119976 0.5303971745529055
1 0.5142553365506273 0.5875104095008034 0.5359877623488163 0.6156470767177825 0.5605548523815519 0.557273990998975 0.5603186303620064 0.5480350853456386 0.5518146376583671 0.5324969258377547 0.5366964284074529 0.5278774730110863
