1405.25 471.25 -49.29584051127151
987.5 514.5 117.91691305263721
1368.75 671.25 -6.676480060402102
1407.0 935.0 93.28088077260942
1394.75 316.25 -38.571252251170144
1258.25 844.75 -79.84303448063771
1161.0 349.0 89.27015693597589
916.5 885.25 -66.3387676880183
697.25 617.5 116.89864728813355
1282.0 205.5 18.666914274220215
1062.25 196.0 167.99627109347006
1137.25 873.75 80.20509388909059
794.5 751.5 -76.7594800848128
813.75 497.75 -166.81219007869444
1124.0 593.0 -15.795928989073923
970.25 721.25 -58.09189306434685
706.5 205.0 140.99538680407548
1024.5 344.5 2.2025981617658053
