1260.5 872.25 124.5181331485164
1396.5 591.5 79.56252464888182
1263.75 463.0 150.02455343046864
1366.25 160.0 150.34764309499735
852.75 680.5 158.40116755819724
848.75 550.0 146.20715988556344
880.75 835.25 -84.27104871525513
748.0 466.25 141.46518234063979
983.5 181.5 30.068582821862453
875.25 373.0 128.74777509312938
711.0 178.5 -32.442443783721124
1371.25 724.75 -0.5456575934157205
1257.5 337.5 160.188522858453
1017.5 809.0 -177.86574123749773
1001.25 988.25 -11.745633425287949
1170.25 223.5 57.514328108875205
1130.0 965.75 73.0043408049604
831.25 979.0 178.53588989383238
665.25 651.25 91.28116169464207
1360.25 968.5 -92.05876570499053
1037.25 353.25 -177.23867784056867
656.0 350.25 -89.63622216113544
1152.5 753.75 -113.37566299916361
1040.5 478.25 7.582457962668595
