1369.75 471.0 26.831955051620554
748.75 661.25 6.7416972935442505
1106.5 463.25 45.131111394747215
789.0 802.25 90.0
921.25 728.25 -91.26500090302504
1441.25 244.5 -89.06995540328157
1010.0 573.25 29.25538491933805
944.0 994.5 85.94065363520075
1189.5 977.75 86.2235784655551
854.0 974.5 86.33221194446858
1323.25 294.0 -88.36859919646777
990.5 264.0 106.24563304547428
1441.25 628.75 -75.91867724986223
1194.0 205.75 110.91948372255591
657.5 518.75 75.65476842076254
1122.0 725.0 -112.95805548882143
1147.25 342.75 28.982215281607562
683.0 847.75 74.85694331012449
1361.5 995.75 166.937027502608
691.5 996.5 177.41420565757554
1301.25 842.0 -5.692920164737151
1049.5 892.5 -111.06344845213037
817.0 399.25 170.65760598838983
