1429.5 977.25 91.85358542287284
873.0 667.75 42.72010746182178
1047.0 662.0 -77.19573393471325
1346.5 741.5 75.51823067887523
633.5 962.0 91.45944935499227
926.0 525.75 127.59175587616586
1309.0 1013.0 11.611486423888492
1119.5 1031.5 -167.5500034921934
729.25 508.0 129.03943834266462
666.25 641.25 35.580499741783754
1407.75 325.25 -72.14968169778317
926.75 1021.75 178.71883830535793
671.5 347.5 -52.028396238949604
1001.5 207.0 13.948096184373593
1192.75 872.5 142.43140797117252
1027.25 397.75 71.33541000388135
1192.0 207.25 12.146573277683915
910.25 832.75 150.45599907031215
