1028.25 271.0 -36.08250522232264
1130.25 744.25 -62.02564084938799
1394.75 414.5 75.15238352612539
1139.25 553.0 -12.568582627797205
768.75 493.75 144.59313426273033
712.75 681.0 141.16665634667604
955.75 850.5 4.384706875060754
759.5 983.5 -65.40422845905545
1147.25 909.75 26.64893952052161
955.5 167.0 169.182166415159
1455.25 243.0 92.7702157972002
1199.0 208.5 133.1523897340054
1120.0 411.25 177.21182408233489
1334.0 223.75 93.29133981181373
1353.5 598.5 77.310587863516
952.25 513.75 -7.057846649881077
930.75 748.75 -178.3316625517067
807.75 807.75 -99.0684388659099
